,rk,player,tm,fantpos,age,games,games_started,passes_completed,pass_attempts,passing_yds,passing_td,passes_intercepted,rushing_att,rushing_yds,yds_rushing_att,rushing_td,targets,receptions,receiving_yds,yds_reception,receiving_td,fumbles,fumbles_lost,touchdowns,2_pt_conv_made,2_pt_conv_passes,fantasy_points,fantasy_points_ppr_,draftkings_points,fanduel_points,vbd,posrank,ovrank
0,1,Jonathan Taylor,IND,RB,26,7,7,0,0,0,0,0,131,697,5.32,10,25,23,185,8.04,1,0,0,11,1,,156,179.2,185.2,167.7,92,1,1
1,2,Christian McCaffrey,SFO,RB,29,7,7,0,0,0,0,0,132,465,3.52,3,68,53,516,9.74,3,1,0,6,,,134,187.1,193.1,160.6,71,2,2
2,3,Patrick Mahomes,KAN,QB,30,7,7,164,248,1800,14,2,42,250,5.95,4,0,0,0,,0,3,0,4,,,173,173.0,181.0,175.0,57,1,3
3,4,Bijan Robinson,ATL,RB,23,6,6,0,0,0,0,0,97,524,5.40,2,39,30,390,13.00,2,1,0,4,,,115,145.4,151.4,130.4,54,3,4
4,5,Jahmyr Gibbs,DET,RB,23,7,7,0,0,0,0,0,104,526,5.06,6,28,26,194,7.46,1,0,0,7,,,114,140.0,146.0,127.0,52,4,5
5,6,Jaxon Smith-Njigba,SEA,WR,23,7,7,0,0,0,0,0,3,11,3.67,0,70,50,819,16.38,4,2,1,4,,,105,155.0,159.0,130.0,51,1,6
6,7,Javonte Williams,DAL,RB,25,7,7,0,0,0,0,0,111,592,5.33,6,32,23,85,3.70,1,1,1,7,,,108,130.7,134.7,119.2,46,5,7
7,8,Josh Jacobs,GNB,RB,27,6,6,0,0,0,0,0,111,414,3.73,8,20,16,179,11.19,0,1,0,8,,,107,123.3,129.3,115.3,46,6,8
8,9,Justin Herbert,LAC,QB,27,8,8,201,296,2140,16,7,37,248,6.70,0,0,0,0,,0,2,1,0,1,,160,160.4,174.4,167.4,45,2,9
9,10,De'Von Achane,MIA,RB,24,7,7,0,0,0,0,0,89,472,5.30,3,43,32,211,6.59,3,1,0,6,,,104,136.3,142.3,120.3,43,7,10
10,11,Amon-Ra St. Brown,DET,WR,26,7,7,0,0,0,0,0,3,9,3.00,0,61,50,538,10.76,7,1,0,7,,,97,146.7,149.7,121.7,43,3,11
11,12,George Pickens,DAL,WR,24,7,7,0,0,0,0,0,0,0,,0,54,36,607,16.86,6,0,0,6,,,97,132.7,135.7,114.7,43,2,12
12,13,Ja'Marr Chase,CIN,WR,25,7,7,0,0,0,0,0,2,6,3.00,0,80,58,629,10.84,5,1,1,5,,,92,149.5,153.5,120.5,38,4,13
13,14,Jalen Hurts,PHI,QB,27,7,7,136,195,1498,11,1,54,185,3.43,5,0,0,0,,0,3,1,5,,,148,148.4,156.4,149.4,34,3,14
14,15,Cam Skattebo,NYG,RB,23,7,4,0,0,0,0,0,98,398,4.06,5,30,23,189,8.22,1,1,1,6,1,,95,117.7,124.7,106.2,34,8,15
15,16,Dak Prescott,DAL,QB,32,7,7,185,259,1881,16,3,19,56,2.95,1,0,0,0,,0,3,0,1,,1,147,146.8,152.8,149.8,33,4,16
16,17,Emeka Egbuka,TAM,WR,23,7,6,0,0,0,0,0,2,9,4.50,0,54,31,527,17.00,5,0,0,5,1,,86,116.6,119.6,101.1,33,5,17
17,18,Drake Maye,NWE,QB,23,7,7,152,202,1744,12,2,44,200,4.55,2,1,1,2,2.00,0,3,1,2,1,,146,147.0,156.0,148.5,32,5,18
18,19,James Cook,BUF,RB,26,6,6,0,0,0,0,0,107,537,5.02,5,14,12,89,7.42,0,1,0,5,,,93,104.6,107.6,98.6,32,9,19
19,20,Puka Nacua,LAR,WR,24,6,6,0,0,0,0,0,3,52,17.33,1,65,54,616,11.41,2,0,0,3,,,85,138.8,141.8,111.8,32,6,20
20,21,Kyren Williams,LAR,RB,25,7,7,0,0,0,0,0,107,472,4.41,2,26,20,166,8.30,3,2,2,5,,,90,109.8,117.8,99.8,30,10,21
21,22,Davante Adams,LAR,WR,33,7,7,0,0,0,0,0,0,0,,0,63,31,431,13.90,6,0,0,6,,,79,110.1,113.1,94.6,27,7,22
22,23,Daniel Jones,IND,QB,28,7,7,152,214,1790,10,3,29,83,2.86,4,0,0,0,,0,2,0,4,,1,140,139.9,145.9,142.9,26,6,23
23,24,Rico Dowdle,CAR,RB,27,7,2,0,0,0,0,0,98,551,5.62,2,17,13,121,9.31,1,1,0,3,,,85,98.2,104.2,91.7,25,11,24
24,25,Bo Nix,DEN,QB,25,7,7,160,256,1556,11,4,38,172,4.53,3,0,0,0,,0,2,1,3,,3,137,137.4,148.4,141.4,24,7,25
25,26,Baker Mayfield,TAM,QB,30,7,7,157,245,1767,13,2,22,158,7.18,0,0,0,0,,0,5,0,0,,1,136,136.5,144.5,138.5,23,8,26
26,27,Quinshon Judkins,CLE,RB,22,6,6,0,0,0,0,0,109,467,4.28,5,12,9,62,6.89,0,0,0,5,,,83,91.9,94.9,87.4,23,12,27
27,28,Jake Ferguson,DAL,TE,26,7,5,0,0,0,0,0,0,0,,0,58,51,334,6.55,6,0,0,6,,,69,120.4,123.4,94.9,22,1,28
28,29,Matthew Stafford,LAR,QB,37,7,7,160,242,1866,17,2,17,-2,-0.12,0,0,0,0,,0,5,2,0,,,134,134.4,141.4,136.4,21,9,29
29,30,D'Andre Swift,CHI,RB,26,6,6,0,0,0,0,0,89,419,4.71,3,22,16,166,10.38,1,1,1,4,,,81,96.5,103.5,88.5,21,14,30
30,31,Ashton Jeanty,LVR,RB,22,7,7,0,0,0,0,0,111,445,4.01,3,20,15,86,5.73,2,1,1,5,,,81,96.1,100.1,88.6,21,13,31
31,32,Tyler Warren,IND,TE,23,7,6,0,1,0,0,0,4,6,1.50,1,45,33,439,13.30,3,0,0,4,,,69,101.5,104.5,85.0,21,2,32
32,33,Josh Allen,BUF,QB,29,6,6,122,178,1397,11,4,46,254,5.52,3,0,0,0,,0,4,1,3,,,133,133.3,144.3,137.3,20,10,33
33,34,Keenan Allen,LAC,WR,33,8,1,0,0,0,0,0,0,0,,0,70,48,479,9.98,4,1,0,4,,,72,119.9,122.9,95.9,20,8,34
34,35,J.K. Dobbins,DEN,RB,27,7,6,0,0,0,0,0,105,523,4.98,4,10,7,22,3.14,0,0,0,4,,,79,85.5,88.5,82.0,19,15,35
35,36,Trey McBride,ARI,TE,26,7,7,0,0,0,0,0,0,0,,0,66,47,421,8.96,4,0,0,4,,,66,113.1,116.1,89.6,19,3,36
36,37,Travis Etienne,JAX,RB,26,7,7,0,0,0,0,0,97,514,5.30,2,22,14,80,5.71,1,0,0,3,,,77,91.4,94.4,84.4,18,16,37
37,38,Quentin Johnston,LAC,WR,24,7,5,0,0,0,0,0,2,7,3.50,0,46,28,407,14.54,5,1,1,5,,,69,97.4,101.4,83.4,18,9,38
38,39,Saquon Barkley,PHI,RB,28,7,7,0,0,0,0,0,113,369,3.27,3,23,20,135,6.75,1,0,0,4,,,74,94.4,100.4,84.4,15,17,39
39,40,Courtland Sutton,DEN,WR,30,7,7,0,0,0,0,0,0,0,,0,50,33,469,14.21,3,0,0,3,1,,67,99.9,102.9,83.4,15,11,40
40,41,Justin Jefferson,MIN,WR,26,7,7,0,0,0,0,0,1,4,4.00,0,63,41,602,14.68,1,0,0,1,,,67,107.6,110.6,87.1,15,12,41
41,42,Michael Pittman Jr.,IND,WR,28,7,7,0,0,0,0,0,0,0,,0,47,35,351,10.03,5,0,0,5,1,,67,102.1,105.1,84.6,15,10,42
42,43,David Montgomery,DET,RB,28,7,0,1,1,3,1,0,78,355,4.55,4,13,11,96,8.73,0,0,0,4,,,73,84.2,87.2,78.7,14,18,43
43,44,Rome Odunze,CHI,WR,23,6,6,0,0,0,0,0,0,0,,0,46,24,359,14.96,5,0,0,5,,,66,89.9,92.9,77.9,14,13,44
44,45,Tre Tucker,LVR,WR,24,7,7,0,0,0,0,0,5,29,5.80,0,39,29,389,13.41,4,0,0,4,,,66,94.8,97.8,80.3,14,14,45
45,46,Ladd McConkey,LAC,WR,24,8,6,0,0,0,0,0,0,0,,0,68,43,468,10.88,3,0,0,3,,,65,107.8,110.8,86.3,13,15,46
46,47,D.K. Metcalf,PIT,WR,28,6,6,0,0,0,0,0,0,0,,0,36,22,406,18.45,4,0,0,4,,,65,86.6,89.6,75.6,13,16,47
47,48,Garrett Wilson,NYJ,WR,25,6,6,0,0,0,0,0,0,0,,0,56,36,395,10.97,4,1,0,4,,,64,99.5,102.5,81.5,12,17,48
48,49,DeVonta Smith,PHI,WR,27,7,7,0,0,0,0,0,0,0,,0,46,38,504,13.26,2,0,0,2,,,62,100.4,103.4,81.4,11,18,49
49,50,Tucker Kraft,GNB,TE,25,6,6,0,0,0,0,0,1,3,3.00,0,32,23,326,14.17,4,0,0,4,,,57,79.9,82.9,68.4,10,4,50
50,51,Dallas Goedert,PHI,TE,30,6,6,0,0,0,0,0,0,0,,0,36,27,261,9.67,5,0,0,5,,,56,83.1,86.1,69.6,10,5,51
51,52,Derrick Henry,BAL,RB,31,6,6,0,1,0,0,0,88,439,4.99,4,8,5,44,8.80,0,3,2,4,,,68,73.3,78.3,70.8,9,19,52
52,53,Deebo Samuel,WAS,WR,29,6,2,0,0,0,0,0,8,45,5.63,1,43,34,315,9.26,3,1,0,4,,,60,94.0,97.0,77.0,9,20,53
53,54,Chris Olave,NOR,WR,25,7,7,0,1,0,0,1,0,0,,0,71,44,440,10.00,3,0,0,3,,,60,104.0,108.0,83.0,9,19,54
54,55,Kenneth Walker III,SEA,RB,25,7,7,0,0,0,0,0,95,430,4.53,3,9,8,61,7.63,0,0,0,3,,,67,75.1,78.1,71.1,8,20,55
55,56,Kayshon Boutte,NWE,WR,23,7,5,0,0,0,0,0,0,0,,0,25,20,356,17.80,4,0,0,4,,,60,79.6,82.6,69.6,8,21,56
56,57,Jaylen Waddle,MIA,WR,27,7,7,1,1,8,0,0,0,0,,0,44,30,405,13.50,3,0,0,3,,,59,88.8,91.8,73.8,8,22,57
57,58,A.J. Brown,PHI,WR,28,7,7,0,0,0,0,0,0,0,,0,51,29,395,13.62,3,0,0,3,,,58,86.5,89.5,72.0,6,23,58
58,59,Wan'Dale Robinson,NYG,WR,24,7,6,0,0,0,0,0,1,2,2.00,0,53,35,446,12.74,2,0,0,2,,,57,91.8,94.8,74.3,6,25,59
59,60,Drake London,ATL,WR,24,6,6,0,0,0,0,0,0,0,,0,63,38,469,12.34,2,1,1,2,,,57,94.9,98.9,75.9,6,24,60
60,61,Jared Goff,DET,QB,31,7,7,152,203,1631,15,3,11,23,2.09,0,0,0,0,,0,3,2,0,,,118,117.5,125.5,120.5,5,11,61
61,62,Jordan Mason,MIN,RB,26,7,4,0,0,0,0,0,88,383,4.35,4,12,10,37,3.70,0,2,1,4,,,64,74.0,78.0,69.0,5,21,62
62,63,Jacory Croskey-Merritt,WAS,RB,24,7,3,0,0,0,0,0,73,377,5.16,4,10,7,60,8.57,0,2,2,4,,,64,70.7,75.7,67.2,5,22,63
63,64,Marquise Brown,KAN,WR,28,7,4,0,0,0,0,0,0,0,,0,48,32,316,9.88,4,1,0,4,,,56,87.6,90.6,71.6,5,26,64
64,65,Romeo Doubs,GNB,WR,25,6,6,0,0,0,0,0,0,0,,0,36,24,306,12.75,4,0,0,4,,,55,78.6,81.6,66.6,4,27,65
65,66,Travis Kelce,KAN,TE,36,7,7,0,0,0,0,0,0,0,,0,40,31,375,12.10,2,0,0,2,,,50,80.5,83.5,65.0,3,6,66
66,67,Hunter Henry,NWE,TE,31,7,7,0,0,0,0,0,0,0,,0,36,24,310,12.92,3,0,0,3,,,49,73.0,76.0,61.0,3,7,67
67,68,Oronde Gadsden II,LAC,TE,22,6,2,0,0,0,0,0,0,0,,0,33,27,385,14.26,2,1,1,2,,,49,75.5,79.5,62.0,3,9,68
68,69,Zach Ertz,WAS,TE,35,7,7,0,0,0,0,0,0,0,,0,34,23,229,9.96,4,1,0,4,1,,49,71.9,74.9,60.4,3,8,69
69,70,Tetairoa McMillan,CAR,WR,22,7,7,0,0,0,0,0,0,0,,0,53,30,413,13.77,2,0,0,2,,,53,83.3,86.3,68.3,2,28,70
70,71,Breece Hall,NYJ,RB,24,7,7,0,0,0,0,0,99,448,4.53,0,27,19,164,8.63,0,1,1,0,,,59,78.2,85.2,68.7,1,23,71
71,72,Marvin Harrison Jr.,ARI,WR,23,7,7,0,0,0,0,0,0,0,,0,40,24,396,16.50,2,0,0,2,,,52,75.6,78.6,63.6,1,29,72
72,73,Dalton Kincaid,BUF,TE,26,5,3,0,0,0,0,0,0,0,,0,24,20,287,14.35,3,1,0,3,,,47,66.7,69.7,56.7,1,10,73
73,74,Trevor Lawrence,JAX,QB,26,7,7,152,259,1620,9,5,30,113,3.77,2,0,0,0,,0,2,1,2,,,112,112.1,124.1,117.1,,12,74
74,75,Sam Darnold,SEA,QB,28,7,7,131,192,1754,12,4,10,41,4.10,0,0,0,0,,0,3,2,0,,,110,110.3,119.3,114.3,,13,75
75,76,Caleb Williams,CHI,QB,24,6,6,113,185,1351,9,3,32,106,3.31,2,0,0,0,,0,4,0,2,,,107,106.6,115.6,109.6,,14,76
76,77,Jordan Love,GNB,QB,27,6,6,122,176,1438,10,2,24,110,4.58,0,0,0,0,,0,3,1,0,,,103,102.5,111.5,104.5,,15,77
77,78,Aaron Rodgers,PIT,QB,42,6,6,118,172,1270,14,5,11,18,1.64,0,0,0,0,,0,1,0,0,,1,101,100.6,108.6,105.6,,16,78
78,79,Jayden Daniels,WAS,QB,25,5,5,89,146,1031,8,1,44,211,4.80,1,0,0,0,,0,3,2,1,,1,96,96.3,105.3,97.3,,17,
79,80,Justin Fields,NYJ,QB,26,6,6,86,135,845,4,0,42,257,6.12,3,0,0,0,,0,3,2,3,1,2,96,95.5,103.5,95.5,,19,
80,81,Spencer Rattler,NOR,QB,25,7,7,159,235,1450,8,4,28,155,5.54,0,2,1,0,0.00,0,3,1,0,,,96,96.5,107.5,100.0,,18,
81,82,C.J. Stroud,HOU,QB,24,6,6,125,193,1305,9,4,20,147,7.35,0,0,0,0,,0,0,0,0,,,95,94.9,104.9,98.9,,20,
82,83,Lamar Jackson,BAL,QB,28,4,4,68,95,869,10,1,21,166,7.90,1,0,0,0,,0,2,1,1,,,93,93.4,101.4,94.4,,21,
83,84,Bryce Young,CAR,QB,24,7,7,138,224,1288,11,5,18,69,3.83,1,0,0,0,,0,4,3,1,,,92,92.4,103.4,97.4,,22,
84,85,Jaxson Dart,NYG,QB,22,6,4,71,118,791,7,3,37,178,4.81,3,0,0,0,,0,2,1,3,,,87,87.4,97.4,90.4,,23,
85,86,Tua Tagovailoa,MIA,QB,27,7,7,139,205,1313,11,10,11,38,3.45,0,0,0,0,,0,6,1,0,,1,80,80.3,94.3,90.3,,24,
86,87,Michael Penix,ATL,QB,25,6,6,119,195,1409,5,3,17,43,2.53,1,0,0,0,,0,2,1,1,,,79,78.7,85.7,81.7,,25,
87,88,Kyler Murray,ARI,QB,28,5,5,110,161,962,6,3,29,173,5.97,1,0,0,0,,0,1,1,1,,,78,77.8,87.8,80.8,,26,
88,89,Mac Jones,SFO,QB,27,5,5,130,194,1404,6,4,21,34,1.62,0,0,0,0,,0,3,1,0,,,74,73.6,81.6,77.6,,28,
89,90,Geno Smith,LVR,QB,35,7,7,133,202,1417,7,10,22,72,3.27,0,0,0,0,,0,1,0,0,,1,74,73.9,86.9,83.9,,27,
90,91,Joe Flacco,2TM,QB,40,6,6,153,252,1376,7,6,11,16,1.45,0,0,0,0,,0,2,2,0,,1,71,70.6,81.6,76.6,,29,
91,92,Carson Wentz,MIN,QB,33,5,5,110,169,1216,6,5,11,57,5.18,0,0,0,0,,0,3,0,0,,1,70,70.3,78.3,75.3,,30,
92,93,Tony Pollard,TEN,RB,28,7,7,0,0,0,0,0,98,380,3.88,2,20,17,122,7.18,0,2,2,2,,,58,75.2,83.2,66.7,,25,
93,94,Rachaad White,TAM,RB,26,7,3,0,0,0,0,0,64,252,3.94,4,22,19,91,4.79,0,0,0,4,,,58,77.3,80.3,67.8,,24,
94,95,Omarion Hampton,LAC,RB,22,5,5,0,0,0,0,0,66,314,4.76,2,22,20,136,6.80,0,1,0,2,,,57,77.0,83.0,67.0,,26,
95,96,Jaylen Warren,PIT,RB,27,5,5,0,0,0,0,0,70,311,4.44,0,19,17,184,10.82,1,0,0,1,,,56,72.5,78.5,64.0,,27,
96,97,Zach Charbonnet,SEA,RB,24,6,0,0,0,0,0,0,72,205,2.85,5,7,6,36,6.00,0,0,0,5,,,54,60.1,63.1,57.1,,28,
97,98,Rhamondre Stevenson,NWE,RB,27,7,7,0,0,0,0,0,69,245,3.55,3,17,15,154,10.27,0,3,3,3,1,,54,68.9,77.9,61.4,,29,
98,99,Cam Ward,TEN,QB,23,7,7,136,236,1356,4,5,14,36,2.57,0,0,0,0,,0,5,5,0,,,54,53.8,66.8,58.8,,31,
99,100,Bucky Irving,TAM,RB,23,4,4,0,0,0,0,0,71,237,3.34,0,19,19,193,10.16,2,1,1,2,,,53,72.0,79.0,62.5,,30,
100,101,Nico Collins,HOU,WR,26,6,6,0,0,0,0,0,1,8,8.00,0,46,26,339,13.04,3,1,1,3,,,51,76.7,80.7,63.7,,30,
101,102,Alvin Kamara,NOR,RB,30,7,7,0,0,0,0,0,94,342,3.64,1,29,25,123,4.92,0,1,1,1,,,51,75.5,82.5,63.0,,31,
102,103,Tee Higgins,CIN,WR,26,7,7,0,0,0,0,0,0,0,,0,45,24,316,13.17,3,0,0,3,,,50,73.6,76.6,61.6,,32,
103,104,Brian Thomas,JAX,WR,23,7,7,0,0,0,0,0,2,16,8.00,1,55,27,365,13.52,1,0,0,2,,,50,77.1,80.1,63.6,,31,
104,105,Chuba Hubbard,CAR,RB,26,5,5,0,0,0,0,0,67,248,3.70,0,20,15,118,7.87,2,0,0,2,,,49,63.6,69.6,56.1,,32,
105,106,Tyquan Thornton,KAN,WR,25,7,3,0,0,0,0,0,0,0,,0,27,14,311,22.21,3,0,0,3,,,49,63.1,66.1,56.1,,33,
106,107,Chase Brown,CIN,RB,25,7,7,0,0,0,0,0,85,310,3.65,1,28,22,94,4.27,0,2,0,1,1,,48,70.4,73.4,59.4,,33,
107,108,Jake Browning,CIN,QB,29,4,3,80,124,757,6,8,9,39,4.33,1,0,0,0,,0,1,0,1,,,48,48.2,59.2,56.2,,32,
108,109,Zay Flowers,BAL,WR,25,6,6,0,0,0,0,0,3,12,4.00,0,46,34,423,12.44,1,1,1,1,,,48,81.5,85.5,64.5,,35,
109,110,Rashid Shaheed,NOR,WR,27,7,7,0,0,0,0,0,2,5,2.50,0,45,30,356,11.87,2,0,0,2,,,48,78.1,81.1,63.1,,34,
110,111,Russell Wilson,NYG,QB,37,5,3,66,112,786,3,3,16,94,5.88,0,0,0,0,,0,3,0,0,,,47,46.8,52.8,49.8,,33,
111,112,AJ Barner,SEA,TE,23,7,7,0,0,0,0,0,3,6,2.00,0,22,18,212,11.78,4,0,0,4,,,46,63.8,66.8,54.8,,12,
112,113,Stefon Diggs,NWE,WR,32,7,7,0,0,0,0,0,0,0,,0,44,39,456,11.69,0,0,0,0,,,46,84.6,87.6,65.1,,36,
113,114,Sam LaPorta,DET,TE,24,7,7,0,0,0,0,0,0,0,,0,36,29,339,11.69,2,0,0,2,,,46,74.9,77.9,60.4,,11,
114,115,Kenneth Gainwell,PIT,RB,26,6,1,0,0,0,0,0,44,190,4.32,3,24,21,80,3.81,0,1,0,3,,,45,66.0,69.0,55.5,,34,
115,116,Woody Marks,HOU,RB,25,6,0,0,0,0,0,0,46,152,3.30,1,14,9,116,12.89,2,0,0,3,,,45,53.8,59.8,49.3,,35,
116,117,Kareem Hunt,KAN,RB,30,7,0,0,0,0,0,0,53,205,3.87,3,8,7,55,7.86,0,1,0,3,,,44,51.0,54.0,47.5,,36,
117,118,Kimani Vidal,LAC,RB,24,5,3,0,0,0,0,0,54,279,5.17,1,12,9,40,4.44,1,0,0,2,,,44,52.9,55.9,48.4,,37,
118,119,Jordan Addison,MIN,WR,23,4,3,0,0,0,0,0,0,0,,0,30,21,309,14.71,2,0,0,2,,,43,63.9,66.9,53.4,,37,
119,120,Nick Chubb,HOU,RB,30,6,6,0,0,0,0,0,63,265,4.21,2,13,8,41,5.13,0,0,0,2,,,43,50.6,53.6,46.6,,39,
120,121,Theo Johnson,NYG,TE,24,7,7,0,0,0,0,0,0,0,,0,33,20,192,9.60,4,0,0,4,,,43,63.2,66.2,53.2,,13,
121,122,Isiah Pacheco,KAN,RB,26,7,7,0,0,0,0,0,66,271,4.11,1,17,11,43,3.91,1,0,0,2,,,43,54.4,57.4,48.9,,38,
122,123,Troy Franklin,DEN,WR,22,7,4,0,0,0,0,0,2,13,6.50,0,46,27,269,9.96,2,1,1,2,2,,42,69.2,73.2,55.7,,38,
123,124,Jacoby Brissett,ARI,QB,33,4,2,52,81,599,4,1,10,47,4.70,0,0,0,0,,0,1,1,0,,,41,40.7,45.7,41.7,,34,
124,125,Jameson Williams,DET,WR,24,7,6,0,0,0,0,0,3,1,0.33,0,30,17,289,17.00,2,0,0,2,,,41,58.0,61.0,49.5,,39,
125,126,Marcus Mariota,WAS,QB,32,3,2,35,58,426,3,2,10,94,9.40,1,0,0,0,,0,1,1,1,,1,40,40.4,46.4,42.4,,35,
126,127,Jake Tonges,SFO,TE,26,7,1,0,0,0,0,0,0,0,,0,34,25,224,8.96,3,0,0,3,,,40,65.4,68.4,52.9,,14,
127,128,Tyler Allgeier,ATL,RB,25,6,1,0,0,0,0,0,57,203,3.56,3,4,3,10,3.33,0,0,0,3,,,39,42.3,45.3,40.8,,40,
128,129,Kendrick Bourne,SFO,WR,30,6,4,0,0,0,0,0,0,0,,0,35,25,385,15.40,0,0,0,0,,,39,63.5,66.5,51.0,,43,
129,130,CeeDee Lamb,DAL,WR,26,4,4,0,0,0,0,0,0,0,,0,32,21,332,15.81,1,0,0,1,,,39,60.2,63.2,49.7,,41,
130,131,Malik Nabers,NYG,WR,22,4,4,0,0,0,0,0,0,0,,0,35,18,271,15.06,2,0,0,2,,,39,57.1,60.1,48.1,,42,
131,132,Khalil Shakir,BUF,WR,25,6,3,0,0,0,0,0,1,5,5.00,0,34,25,268,10.72,2,0,0,2,,,39,64.3,67.3,51.8,,40,
132,133,RJ Harvey,DEN,RB,24,7,1,0,0,0,0,0,37,154,4.16,0,20,17,110,6.47,2,0,0,2,,,38,55.4,61.4,46.9,,41,
133,134,Luke McCaffrey,WAS,WR,24,7,0,0,0,0,0,0,0,0,,0,12,8,179,22.38,3,0,0,3,1,,38,45.9,48.9,41.9,,44,
134,135,Marvin Mims,DEN,WR,23,7,2,0,0,0,0,0,4,36,9.00,1,31,22,234,10.64,1,2,1,2,,,37,59.0,63.0,48.0,,45,
135,136,Dillon Gabriel,CLE,QB,25,5,3,64,107,546,3,0,6,17,2.83,0,0,0,0,,0,0,0,0,,,36,35.5,38.5,35.5,,36,
136,137,Travis Hunter,JAX,WR,22,7,4,0,0,0,0,0,1,0,0.00,0,45,28,298,10.64,1,1,0,1,,,36,63.8,66.8,49.8,,46,
137,138,Juwan Johnson,NOR,TE,29,7,7,0,0,0,0,0,0,0,,0,44,31,315,10.16,1,1,1,1,,,36,66.5,70.5,51.0,,16,
138,139,Darren Waller,MIA,TE,33,4,1,0,0,0,0,0,0,0,,0,12,10,117,11.70,4,0,0,4,,,36,45.7,48.7,40.7,,15,
139,140,Elic Ayomanor,TEN,WR,22,7,6,0,0,0,0,0,0,0,,0,39,19,225,11.84,2,0,0,2,,,35,53.5,56.5,44.0,,48,
140,141,Harold Fannin,CLE,TE,21,7,6,0,0,0,0,0,2,4,2.00,0,43,32,290,9.06,1,0,0,1,,,35,67.4,70.4,51.4,,17,
141,142,Justice Hill,BAL,RB,28,6,0,0,0,0,0,0,15,88,5.87,1,23,18,144,8.00,1,1,0,2,,,35,53.2,56.2,44.2,,42,
142,143,Tory Horton,SEA,WR,23,7,2,0,0,0,0,0,0,0,,0,18,9,113,12.56,3,0,0,4,,,35,44.3,47.3,39.8,,47,
143,144,Kyle Pitts,ATL,TE,25,6,6,0,0,0,0,0,0,0,,0,38,30,285,9.50,1,0,0,1,,,35,64.5,67.5,49.5,,18,
144,145,Keon Coleman,BUF,WR,22,6,4,0,0,0,0,0,0,0,,0,35,24,237,9.88,2,1,1,2,,,34,57.7,61.7,45.7,,49,
145,146,Brock Purdy,SFO,QB,26,2,2,48,73,586,4,4,7,30,4.29,0,0,0,0,,0,1,1,0,,1,34,34.4,42.4,38.4,,37,
146,147,Parker Washington,JAX,WR,23,7,2,0,0,0,0,0,4,9,2.25,0,35,17,207,12.18,1,1,0,2,,,34,50.6,53.6,42.1,,50,
147,148,Tyreek Hill,MIA,WR,31,4,4,0,0,0,0,0,0,0,,0,29,21,265,12.62,1,0,0,1,,,33,53.5,56.5,43.0,,54,
148,149,Cooper Kupp,SEA,WR,32,7,7,0,1,0,0,1,0,0,,0,33,24,293,12.21,1,0,0,1,,,33,57.3,61.3,46.3,,51,
149,150,Jakobi Meyers,LVR,WR,29,6,6,0,0,0,0,0,0,0,,0,43,29,329,11.34,0,0,0,0,,,33,61.9,64.9,47.4,,53,
150,151,D.J. Moore,CHI,WR,28,6,6,0,0,0,0,0,9,34,3.78,0,31,22,258,11.73,1,1,1,1,,,33,55.2,59.2,44.2,,52,
151,152,Ricky Pearsall,SFO,WR,25,4,4,0,0,0,0,0,1,-4,-4.00,0,29,20,327,16.35,0,0,0,0,,,32,52.3,55.3,42.3,,55,
152,153,Alec Pierce,IND,WR,25,5,4,0,0,0,0,0,0,0,,0,27,16,317,19.81,0,0,0,0,,,32,47.7,50.7,39.7,,57,
153,154,JuJu Smith-Schuster,KAN,WR,29,7,5,0,0,0,0,0,0,0,,0,27,22,260,11.82,1,0,0,1,,,32,54.0,57.0,43.0,,56,
154,155,Pat Freiermuth,PIT,TE,27,6,2,0,0,0,0,0,0,0,,0,17,13,187,14.38,2,0,0,2,,,31,43.7,46.7,37.2,,19,
155,156,TreVeyon Henderson,NWE,RB,23,7,0,0,0,0,0,0,43,153,3.56,1,18,16,99,6.19,0,0,0,1,,,31,47.2,50.2,39.2,,43,
156,157,Sterling Shepard,TAM,WR,32,7,1,0,0,0,0,0,2,1,0.50,0,34,26,267,10.27,1,1,1,1,,,31,56.8,60.8,43.8,,58,
157,158,Bhayshul Tuten,JAX,RB,23,7,0,0,0,0,0,0,32,130,4.06,1,8,6,59,9.83,1,0,0,2,,,31,36.9,39.9,33.9,,44,
158,159,Xavier Worthy,KAN,WR,22,5,5,0,0,0,0,0,6,66,11.00,0,26,16,180,11.25,1,0,0,1,,,31,46.6,49.6,38.6,,59,
159,160,Mark Andrews,BAL,TE,30,6,5,0,0,0,0,0,4,4,1.00,0,27,21,174,8.29,2,0,0,2,,,30,50.8,53.8,40.3,,20,
160,161,DeAndre Hopkins,BAL,WR,33,6,0,0,0,0,0,0,0,0,,0,13,9,178,19.78,2,0,0,2,,,30,38.8,41.8,34.3,,60,
161,162,Tez Johnson,TAM,WR,23,6,2,0,0,0,0,0,1,5,5.00,0,19,10,170,17.00,2,0,0,2,,,30,39.5,42.5,34.5,,61,
162,163,Matthew Golden,GNB,WR,22,6,3,0,0,0,0,0,8,45,5.63,0,23,18,249,13.83,0,0,0,0,,,29,47.4,50.4,38.4,,62,
163,164,Calvin Ridley,TEN,WR,31,6,5,0,0,0,0,0,0,0,,0,35,16,290,18.13,0,0,0,0,,,29,45.0,48.0,37.0,,63,
164,165,Dyami Brown,JAX,WR,26,6,5,0,0,0,0,0,4,22,5.50,0,27,16,194,12.13,1,0,0,1,,,28,43.6,46.6,35.6,,65,
165,166,Josh Downs,IND,WR,24,6,4,0,0,0,0,0,0,0,,0,34,26,217,8.35,1,0,0,1,,,28,53.7,56.7,40.7,,64,
166,167,T.J. Hockenson,MIN,TE,28,7,7,0,0,0,0,0,0,0,,0,36,27,222,8.22,1,0,0,1,,,28,55.2,58.2,41.7,,23,
167,168,Kendre Miller,NOR,RB,23,7,0,0,0,0,0,0,47,193,4.11,1,5,5,30,6.00,0,0,0,1,,,28,33.3,36.3,30.8,,45,
168,169,Kyle Monangai,CHI,RB,23,6,0,0,0,0,0,0,35,162,4.63,1,9,6,61,10.17,0,0,0,1,,,28,34.3,37.3,31.3,,46,
169,170,David Njoku,CLE,TE,29,6,6,0,0,0,0,0,0,0,,0,36,23,223,9.70,1,0,0,1,,,28,51.3,54.3,39.8,,22,
170,171,Dalton Schultz,HOU,TE,29,6,4,0,0,0,0,0,0,0,,0,37,30,284,9.47,0,0,0,0,,,28,58.4,61.4,43.4,,21,
171,172,Blake Corum,LAR,RB,25,7,0,0,0,0,0,0,41,193,4.71,1,8,4,15,3.75,0,0,0,1,,,27,30.8,33.8,28.8,,47,
172,173,Tyrod Taylor,NYJ,QB,36,3,1,43,69,379,3,3,14,80,5.71,0,0,0,0,,0,1,1,0,,,27,27.2,34.2,30.2,,38,
173,174,Calvin Austin III,PIT,WR,26,4,4,0,0,0,0,0,0,0,,0,17,10,139,13.90,2,0,0,2,,,26,35.9,38.9,30.9,,67,
174,175,Jerry Jeudy,CLE,WR,26,7,7,0,0,0,0,0,0,0,,0,52,22,257,11.68,0,0,0,0,,,26,47.7,50.7,36.7,,69,
175,176,Zonovan Knight,ARI,RB,24,5,1,0,0,0,0,0,29,102,3.52,2,7,5,40,8.00,0,0,0,2,,,26,31.2,34.2,28.7,,49,
176,177,Xavier Legette,CAR,WR,24,5,5,0,0,0,0,0,1,0,0.00,0,31,17,142,8.35,2,1,0,2,,,26,43.2,46.2,34.7,,66,
177,178,Jeremy McNichols,WAS,RB,30,7,0,0,0,0,0,0,15,139,9.27,1,11,7,65,9.29,0,0,0,1,,,26,33.4,36.4,29.9,,48,
178,179,Jalen Nailor,MIN,WR,26,7,5,0,0,0,0,0,1,15,15.00,0,26,13,162,12.46,1,0,0,1,1,,26,38.7,41.7,32.2,,70,
179,180,KaVontae Turpin,DAL,WR,29,5,2,0,0,0,0,0,6,23,3.83,0,14,12,176,14.67,1,0,0,1,,,26,37.9,40.9,31.9,,68,
180,181,Brock Bowers,LVR,TE,23,4,1,0,0,0,0,0,0,0,,0,27,19,225,11.84,0,0,0,0,1,,25,43.5,46.5,34.0,,27,
181,182,James Conner,ARI,RB,30,3,3,0,0,0,0,0,32,95,2.97,1,9,8,38,4.75,1,1,0,2,,,25,33.3,33.3,29.3,,50,
182,183,Evan Engram,DEN,TE,31,6,1,0,0,0,0,0,1,7,7.00,0,33,22,179,8.14,1,0,0,1,,,25,46.6,49.6,35.6,,26,
183,184,Noah Fant,CIN,TE,28,6,2,0,0,0,0,0,0,0,,0,22,20,151,7.55,2,1,1,2,,,25,45.1,49.1,35.1,,24,
184,185,Xavier Hutchinson,HOU,WR,25,6,2,0,0,0,0,0,1,5,5.00,0,18,13,123,9.46,2,0,0,2,,,25,37.8,40.8,31.3,,71,
185,186,Jauan Jennings,SFO,WR,28,5,5,0,0,0,0,0,0,0,,0,29,14,167,11.93,1,0,0,1,1,,25,38.7,41.7,31.7,,72,
186,187,J.J. McCarthy,MIN,QB,22,2,2,24,41,301,2,3,7,50,7.14,1,0,0,0,,0,3,1,1,,1,25,25.0,32.0,28.0,,39,
187,188,Jonnu Smith,PIT,TE,30,6,3,0,0,0,0,0,1,10,10.00,0,26,20,117,5.85,2,1,0,2,,,25,44.7,47.7,34.7,,25,
188,189,Luther Burden,CHI,WR,22,6,0,0,0,0,0,0,2,6,3.00,0,14,12,172,14.33,1,0,0,1,,,24,35.8,38.8,29.8,,75,
189,190,Demario Douglas,NWE,WR,25,7,0,0,0,0,0,0,1,4,4.00,0,23,13,118,9.08,2,0,0,2,,,24,37.2,40.2,30.7,,74,
190,191,Mack Hollins,NWE,WR,32,7,5,0,0,0,0,0,1,4,4.00,0,14,11,119,10.82,2,0,0,2,,,24,35.3,38.3,29.8,,73,
191,192,Daniel Bellinger,NYG,TE,25,7,3,0,0,0,0,0,0,0,,0,11,10,173,17.30,1,0,0,1,,,23,33.3,36.3,28.3,,28,
192,193,Michael Carter,ARI,RB,26,4,2,0,0,0,0,0,35,97,2.77,1,12,9,77,8.56,0,0,0,1,,,23,32.4,32.4,27.9,,51,
193,194,Chris Moore,WAS,WR,32,6,3,0,0,0,0,0,1,9,9.00,0,17,8,164,20.50,1,0,0,1,,,23,31.3,34.3,27.3,,77,
194,195,Cade Otton,TAM,TE,26,7,7,0,0,0,0,0,0,0,,0,31,22,231,10.50,0,0,0,0,,,23,45.1,48.1,34.1,,29,
195,196,Josh Palmer,BUF,WR,26,6,3,0,0,0,0,0,0,0,,0,20,14,234,16.71,0,0,0,0,,,23,37.4,40.4,30.4,,76,
196,197,Mason Taylor,NYJ,TE,21,7,6,0,0,0,0,0,0,0,,0,34,24,208,8.67,0,0,0,0,1,,23,46.8,49.8,34.8,,30,
197,198,Cedric Tillman,CLE,WR,25,4,4,0,0,0,0,0,0,0,,0,20,11,106,9.64,2,0,0,2,,,23,33.6,36.6,28.1,,78,
198,199,Tyrone Tracy Jr.,NYG,RB,26,5,2,0,0,0,0,0,35,120,3.43,1,13,8,54,6.75,0,0,0,1,,,23,31.4,34.4,27.4,,52,
199,200,Tutu Atwell,LAR,WR,26,6,4,0,0,0,0,0,0,0,,0,9,4,164,41.00,1,0,0,1,,,22,26.4,29.4,24.4,,79,
200,201,Trey Benson,ARI,RB,23,4,1,0,0,0,0,0,29,160,5.52,0,16,13,64,4.92,0,0,0,0,,,22,35.4,38.4,28.9,,53,
201,202,Chigoziem Okonkwo,TEN,TE,26,7,5,0,0,0,0,0,0,0,,0,32,23,218,9.48,0,0,0,0,,,22,44.8,47.8,33.3,,31,
202,203,Dylan Sampson,CLE,RB,21,7,1,0,0,0,0,0,25,51,2.04,0,17,15,104,6.93,1,0,0,1,,,22,36.5,39.5,29.0,,54,
203,204,Malik Washington,MIA,WR,24,7,3,0,0,0,0,0,9,61,6.78,0,33,21,99,4.71,0,0,0,1,,,22,43.0,43.0,32.5,,80,
204,205,Mitchell Evans,CAR,TE,22,7,2,0,0,0,0,0,0,0,,0,11,9,90,10.00,2,0,0,2,,,21,30.0,30.0,25.5,,32,
205,206,Antonio Gibson,NWE,RB,27,5,0,0,0,0,0,0,25,106,4.24,1,3,2,6,3.00,0,2,1,2,,,21,23.2,27.2,22.2,,55,
206,207,Jaylin Lane,WAS,WR,23,7,2,0,0,0,0,0,1,7,7.00,0,21,10,142,14.20,0,2,0,1,,,21,30.9,33.9,25.9,,81,
207,208,Hunter Renfrow,CAR,WR,30,6,2,0,0,0,0,0,0,0,,0,26,15,89,5.93,2,0,0,2,,,21,35.9,35.9,28.4,,82,
208,209,Mike Evans,TAM,WR,32,4,4,0,0,0,0,0,0,0,,0,32,14,140,10.00,1,0,0,1,,,20,34.0,37.0,27.0,,84,
209,210,Ryan Flournoy,DAL,WR,26,7,1,0,0,0,0,0,4,25,6.25,0,20,13,179,13.77,0,0,0,0,,,20,33.4,36.4,26.9,,83,
210,211,Hunter Long,JAX,TE,27,7,2,0,0,0,0,0,0,0,,0,14,11,79,7.18,2,1,0,2,,,20,30.9,30.9,25.4,,34,
211,212,Brenton Strange,JAX,TE,25,5,5,0,0,0,0,0,0,0,,0,24,20,204,10.20,0,0,0,0,,,20,40.4,43.4,30.4,,33,
212,213,Michael Wilson,ARI,WR,25,7,5,0,0,0,0,0,0,0,,0,27,15,136,9.07,1,0,0,1,,,20,34.6,37.6,27.1,,85,
213,214,Cole Kmet,CHI,TE,26,6,6,0,0,0,0,0,0,0,,0,19,9,132,14.67,1,0,0,1,,,19,28.2,31.2,23.7,,35,
214,215,Miles Sanders,DAL,RB,28,4,0,0,0,0,0,0,20,117,5.85,1,8,8,30,3.75,0,1,1,1,,,19,26.7,30.7,22.7,,57,
215,216,Brashard Smith,KAN,RB,22,7,0,0,0,0,0,0,22,67,3.05,0,18,14,122,8.71,0,0,0,0,,,19,32.9,35.9,25.9,,56,
216,217,Tommy Tremble,CAR,TE,25,7,6,0,0,0,0,0,0,0,,0,21,17,126,7.41,1,0,0,1,,,19,35.6,38.6,27.1,,36,
217,218,Davis Allen,LAR,TE,24,7,0,0,0,0,0,0,0,0,,0,10,8,59,7.38,2,0,0,2,,,18,25.9,25.9,21.9,,40,
218,219,Rashod Bateman,BAL,WR,26,6,5,0,0,0,0,0,0,0,,0,22,11,120,10.91,1,0,0,1,,,18,29.0,32.0,23.5,,88,
219,220,Tyler Higbee,LAR,TE,32,6,5,0,0,0,0,0,0,0,,0,21,13,121,9.31,1,0,0,1,,,18,31.1,34.1,24.6,,37,
220,221,Jayden Higgins,HOU,WR,23,6,4,0,0,0,0,0,0,0,,0,13,9,121,13.44,1,0,0,1,,,18,27.1,30.1,22.6,,87,
221,222,Austin Hooper,NWE,TE,31,7,4,0,0,0,0,0,0,0,,0,11,10,116,11.60,1,0,0,1,,,18,27.6,30.6,22.6,,41,
222,223,Andrei Iosivas,CIN,WR,26,7,4,0,0,0,0,0,1,5,5.00,0,21,11,170,15.45,0,0,0,0,,,18,28.5,31.5,23.0,,91,
223,224,Aaron Jones,MIN,RB,31,3,3,0,0,0,0,0,18,61,3.39,0,8,5,59,11.80,1,0,0,1,,,18,23.0,23.0,20.5,,59,
224,225,Zay Jones,ARI,WR,30,6,0,0,0,0,0,0,0,0,,0,17,12,183,15.25,0,0,0,0,,,18,30.3,33.3,24.3,,86,
225,226,Josh Oliver,MIN,TE,28,7,2,0,0,0,0,0,0,0,,0,7,5,61,12.20,2,0,0,2,,,18,23.1,23.1,20.6,,38,
226,227,Chris Rodriguez,WAS,RB,25,5,2,0,0,0,0,0,26,117,4.50,1,0,0,0,,0,0,0,1,,,18,17.7,20.7,17.7,,60,
227,228,Zavier Scott,MIN,RB,26,6,0,0,0,0,0,0,21,69,3.29,0,12,10,73,7.30,1,2,1,1,,,18,28.2,29.2,23.2,,58,
228,229,Devontez Walker,BAL,WR,24,5,1,0,0,0,0,0,0,0,,0,3,3,60,20.00,2,0,0,2,,,18,21.0,21.0,19.5,,89,
229,230,Brock Wright,DET,TE,27,7,4,0,0,0,0,0,0,0,,0,9,8,60,7.50,2,0,0,2,,,18,26.0,26.0,22.0,,39,
230,231,Olamide Zaccheaus,CHI,WR,28,6,2,0,0,0,0,0,4,25,6.25,0,31,18,152,8.44,0,0,0,0,,,18,35.7,38.7,26.7,,90,
231,232,Chimere Dike,TEN,WR,24,7,3,0,0,0,0,0,7,16,2.29,0,22,13,96,7.38,1,0,0,1,,,17,30.2,30.2,23.7,,93,
232,233,Kyle Juszczyk,SFO,FB,34,7,7,0,0,0,0,0,2,-3,-1.50,0,13,12,110,9.17,1,0,0,1,,,17,28.7,31.7,22.7,,61,
233,234,Michael Mayer,LVR,TE,24,5,5,0,0,0,0,0,0,0,,0,16,12,107,8.92,1,0,0,1,,,17,28.7,31.7,22.7,,42,
234,235,Jaylin Noel,HOU,WR,23,6,1,0,0,0,0,0,2,7,3.50,0,14,9,99,11.00,1,0,0,1,,,17,25.6,25.6,21.1,,94,
235,236,Isaac TeSlaa,DET,WR,23,7,1,0,0,0,0,0,0,0,,0,6,3,54,18.00,2,0,0,2,,,17,20.4,20.4,18.9,,92,
236,237,Joe Burrow,CIN,QB,29,2,2,21,36,189,2,0,2,3,1.50,0,0,0,0,,0,0,0,0,,,16,15.9,15.9,15.9,,40,
237,238,Tre Harris,LAC,WR,23,8,4,0,0,0,0,0,0,0,,0,15,11,103,9.36,1,0,0,1,,,16,27.3,30.3,21.8,,95,
238,239,Rashee Rice,KAN,WR,25,1,1,0,0,0,0,0,0,0,,0,10,7,42,6.00,2,0,0,2,,,16,23.2,23.2,19.7,,96,
239,240,Brian Robinson Jr.,SFO,RB,26,7,0,0,0,0,0,0,36,144,4.00,0,6,5,11,2.20,0,0,0,0,,,16,20.5,23.5,18.0,,62,
240,241,Darnell Washington,PIT,TE,24,6,5,0,0,0,0,0,0,0,,0,14,9,84,9.33,1,1,0,1,1,,16,25.4,25.4,20.9,,43,
241,242,Jerome Ford,CLE,RB,26,7,0,0,0,0,0,0,21,73,3.48,0,23,20,77,3.85,0,0,0,0,,,15,35.0,35.0,25.0,,63,
242,243,Gunnar Helm,TEN,TE,23,7,4,0,0,0,0,0,0,0,,0,21,17,149,8.76,0,0,0,0,,,15,31.9,34.9,23.4,,44,
243,244,Terry McLaurin,WAS,WR,30,3,3,0,0,0,0,0,0,0,,0,17,10,149,14.90,0,0,0,0,,,15,24.9,27.9,19.9,,97,
244,245,Darnell Mooney,ATL,WR,28,4,4,0,0,0,0,0,0,0,,0,21,10,147,14.70,0,0,0,0,,,15,24.7,27.7,19.7,,99,
245,246,Elijah Moore,BUF,WR,25,5,1,0,0,0,0,0,5,25,5.00,1,7,4,64,16.00,0,0,0,1,,,15,18.9,18.9,16.9,,98,
246,247,Darius Slayton,NYG,WR,28,5,4,0,0,0,0,0,0,0,,0,18,12,166,13.83,0,1,1,0,,,15,26.6,30.6,20.6,,100,
247,248,Jalen Tolbert,DAL,WR,26,7,5,0,0,0,0,0,0,0,,0,22,12,125,10.42,0,0,0,0,1,,15,26.5,29.5,20.5,,101,
248,249,Emari Demercado,ARI,RB,26,6,0,0,0,0,0,0,8,90,11.25,0,4,2,13,6.50,1,1,1,1,,,14,16.3,17.3,15.3,,64,
249,250,Greg Dortch,ARI,WR,27,7,2,0,0,0,0,0,2,9,4.50,0,16,15,73,4.87,1,0,0,1,,,14,29.2,29.2,21.7,,102,
250,251,Ollie Gordon,MIA,RB,21,7,0,0,0,0,0,0,28,70,2.50,1,6,4,7,1.75,0,0,0,1,,,14,17.7,17.7,15.7,,65,
251,252,Van Jefferson,TEN,WR,29,7,1,0,0,0,0,0,0,0,,0,14,12,140,11.67,0,0,0,0,,,14,26.0,29.0,20.0,,103,
252,253,Braelon Allen,NYJ,RB,21,4,0,0,0,0,0,0,18,76,4.22,1,3,2,17,8.50,0,1,1,1,,,13,15.3,16.3,14.3,,66,
253,254,Isaiah Bond,CLE,WR,21,7,1,0,0,0,0,0,1,9,9.00,0,26,11,123,11.18,0,0,0,0,,,13,24.2,27.2,18.7,,107,
254,255,Brandin Cooks,NOR,WR,32,7,2,0,0,0,0,0,0,0,,0,18,14,127,9.07,0,0,0,0,,,13,26.7,29.7,19.7,,109,
255,256,Kameron Johnson,TAM,WR,23,7,0,0,0,0,0,0,1,2,2.00,0,5,4,64,16.00,1,0,0,1,,,13,16.6,16.6,14.6,,110,
256,257,Dawson Knox,BUF,TE,29,6,5,0,0,0,0,0,0,0,,0,12,7,73,10.43,1,0,0,1,,,13,20.3,20.3,16.8,,45,
257,258,Tyler Lockett,TEN,WR,33,7,1,0,0,0,0,0,0,0,,0,21,10,70,7.00,0,0,0,1,,,13,23.0,23.0,18.0,,108,
258,259,Adonai Mitchell,IND,WR,23,6,1,0,0,0,0,0,0,0,,0,14,8,145,18.13,0,1,1,0,,,13,20.5,24.5,16.5,,111,
259,260,Kalif Raymond,DET,WR,31,7,2,0,0,0,0,0,1,9,9.00,0,12,9,64,7.11,0,0,0,1,,,13,22.3,22.3,17.8,,105,
260,261,Jeremy Ruckert,NYJ,TE,25,7,6,0,0,0,0,0,0,0,,0,9,8,72,9.00,1,0,0,1,,,13,21.2,21.2,17.2,,46,
261,262,Jordan Whittington,LAR,WR,25,7,4,0,0,0,0,0,3,12,4.00,0,17,12,121,10.08,0,0,0,0,,,13,25.3,28.3,19.3,,106,
262,263,Dontayvion Wicks,GNB,WR,24,6,4,0,0,0,0,0,0,0,,0,20,13,134,10.31,0,0,0,0,,,13,26.4,29.4,19.9,,104,
263,264,Emanuel Wilson,GNB,RB,26,6,0,0,0,0,0,0,24,101,4.21,0,5,5,31,6.20,0,0,0,0,,,13,18.2,21.2,15.7,,67,
264,265,Elijah Arroyo,SEA,TE,22,7,1,0,0,0,0,0,0,0,,0,17,11,140,12.73,0,1,1,0,,,12,23.0,27.0,17.5,,47,
265,266,Isaiah Davis,NYJ,RB,23,7,0,0,0,0,0,0,10,44,4.40,0,14,9,73,8.11,0,0,0,0,,,12,20.7,20.7,16.2,,68,
266,267,Tyler Johnson,NYJ,WR,27,6,2,0,0,0,0,0,0,0,,0,10,7,123,17.57,0,0,0,0,,,12,19.3,22.3,15.8,,112,
267,268,Tim Patrick,JAX,WR,32,7,0,0,0,0,0,0,0,0,,0,6,4,63,15.75,1,0,0,1,,,12,16.3,16.3,14.3,,113,
268,269,Josh Reynolds,NYJ,WR,30,5,3,0,0,0,0,0,0,0,,0,21,11,101,9.18,0,0,0,0,1,,12,23.1,26.1,17.6,,114,
269,270,Adam Trautman,DEN,TE,28,7,4,0,0,0,0,0,0,0,,0,8,7,58,8.29,1,0,0,1,,,12,18.8,18.8,15.3,,48,
270,271,Ameer Abdullah,IND,RB,32,3,0,0,0,0,0,0,5,32,6.40,1,2,2,17,8.50,0,0,0,1,,,11,12.9,12.9,11.9,,69,
271,272,Nate Adkins,DEN,TE,26,5,3,0,0,0,0,0,0,0,,0,9,6,48,8.00,1,0,0,1,,,11,16.8,16.8,13.8,,51,
272,273,Ray Davis,BUF,RB,26,6,0,0,0,0,0,0,13,30,2.31,0,4,3,18,6.00,1,0,0,1,,,11,13.8,13.8,12.3,,70,
273,274,Jahan Dotson,PHI,WR,25,7,4,0,0,0,0,0,0,0,,0,12,7,111,15.86,0,0,0,0,,,11,18.1,21.1,14.6,,115,
274,275,Terrance Ferguson,LAR,TE,22,5,0,0,0,0,0,0,1,0,0.00,0,4,2,52,26.00,1,0,0,1,,,11,13.2,13.2,12.2,,50,
275,276,Jackson Hawes,BUF,TE,25,6,2,0,0,0,0,0,0,0,,0,4,4,54,13.50,1,0,0,1,,,11,15.4,15.4,13.4,,49,
276,277,Christian Kirk,HOU,WR,29,3,2,0,0,0,0,0,0,0,,0,16,10,109,10.90,0,0,0,0,,,11,20.9,23.9,15.9,,116,
277,278,Jayden Reed,GNB,WR,25,2,1,0,0,0,0,0,0,0,,0,5,3,45,15.00,1,0,0,1,,,11,13.5,13.5,12.0,,118,
278,279,Brycen Tremayne,CAR,WR,26,7,1,0,0,0,0,0,0,0,,0,12,9,108,12.00,0,1,0,0,,,11,19.8,22.8,15.3,,117,
279,280,Luke Farrell,SFO,TE,28,7,4,0,0,0,0,0,0,0,,0,9,7,58,8.29,1,1,1,1,,,10,16.8,17.8,13.3,,53,
280,281,Elijah Higgins,ARI,TE,25,7,3,0,0,0,0,0,0,0,,0,11,9,102,11.33,0,0,0,0,,,10,19.2,22.2,14.7,,52,
281,282,Julian Hill,MIA,TE,25,7,7,0,0,0,0,0,0,0,,0,13,10,77,7.70,0,0,0,0,1,,10,19.7,19.7,14.7,,54,
282,283,Allen Lazard,NYJ,WR,30,5,1,0,0,0,0,0,0,0,,0,9,6,40,6.67,1,0,0,1,,,10,16.0,16.0,13.0,,120,
283,284,Samaje Perine,CIN,RB,30,7,0,0,0,0,0,0,22,99,4.50,0,8,6,24,4.00,0,1,1,0,,,10,16.3,17.3,13.3,,72,
284,285,Demarcus Robinson,SFO,WR,31,4,1,0,0,0,0,0,0,0,,0,13,6,103,17.17,0,0,0,0,,,10,16.3,19.3,13.3,,119,
285,286,Curtis Samuel,BUF,WR,29,2,0,0,0,0,0,0,0,0,,0,4,3,35,11.67,1,0,0,1,,,10,12.5,12.5,11.0,,122,
286,287,Tyjae Spears,TEN,RB,24,3,0,0,0,0,0,0,14,67,4.79,0,8,7,37,5.29,0,0,0,0,,,10,17.4,17.4,13.9,,71,
287,288,Tylan Wallace,BAL,WR,26,6,1,0,0,0,0,0,0,0,,0,5,3,39,13.00,1,0,0,1,,,10,12.9,12.9,11.4,,121,
288,289,Tyler Conklin,LAC,TE,30,8,5,0,0,0,0,0,1,2,2.00,0,8,5,83,16.60,0,1,0,0,,,9,13.5,13.5,11.0,,57,
289,290,Tanner Conner,MIA,TE,27,7,0,0,0,0,0,0,0,0,,0,12,7,85,12.14,0,0,0,0,,,9,15.5,15.5,12.0,,58,
290,291,Ashton Dulin,IND,WR,28,6,2,0,0,0,0,0,2,22,11.00,0,6,3,66,22.00,0,0,0,0,,,9,11.8,11.8,10.3,,127,
291,292,Najee Harris,LAC,RB,27,3,0,0,0,0,0,0,15,61,4.07,0,3,3,25,8.33,0,0,0,0,,,9,11.6,11.6,10.1,,75,
292,293,Jimmy Horn,CAR,WR,23,3,0,0,0,0,0,0,4,28,7.00,0,7,5,65,13.00,0,0,0,0,,,9,14.3,14.3,11.8,,125,
293,294,George Kittle,SFO,TE,32,2,2,0,0,0,0,0,0,0,,0,6,4,25,6.25,1,0,0,1,,,9,12.5,12.5,10.5,,59,
294,295,Hunter Luepke,DAL,RB,25,7,1,0,0,0,0,0,1,6,6.00,0,5,4,20,5.00,1,0,0,1,,,9,12.6,12.6,10.6,,76,
295,296,Ryan Miller,TAM,WR,25,7,3,0,0,0,0,0,0,0,,0,4,2,34,17.00,1,0,0,1,,,9,11.4,11.4,10.4,,123,
296,297,Raheem Mostert,LVR,RB,33,4,0,0,0,0,0,0,16,80,5.00,0,2,2,13,6.50,0,0,0,0,,,9,11.3,11.3,10.3,,73,
297,298,Ja'Tavion Sanders,CAR,TE,22,4,3,0,0,0,0,0,0,0,,0,16,11,92,8.36,0,0,0,0,,,9,20.2,20.2,14.7,,55,
298,299,Jack Stoll,NOR,TE,27,7,2,0,0,0,0,0,0,0,,0,5,3,28,9.33,1,0,0,1,,,9,11.8,11.8,10.3,,56,
299,300,Dont'e Thornton,LVR,WR,23,7,5,0,0,0,0,0,0,0,,0,19,5,94,18.80,0,0,0,0,,,9,14.4,14.4,11.9,,124,
300,301,Sean Tucker,TAM,RB,24,7,0,0,0,0,0,0,11,34,3.09,1,4,4,-2,-0.50,0,0,0,1,,,9,13.2,13.2,11.2,,74,
301,302,Devaughn Vele,NOR,WR,28,6,2,0,0,0,0,0,0,0,,0,5,4,29,7.25,1,0,0,1,,,9,12.9,12.9,10.9,,126,
302,303,Tyler Badie,DEN,RB,25,6,0,0,0,0,0,0,1,3,3.00,0,14,8,81,10.13,0,0,0,0,,,8,16.4,16.4,12.4,,77,
303,304,Andy Dalton,CAR,QB,38,3,0,9,13,118,1,0,3,-3,-1.00,0,0,0,0,,0,0,0,0,,,8,8.4,8.4,8.4,,41,
304,305,Austin Ekeler,WAS,RB,30,2,2,0,0,0,0,0,14,43,3.07,0,7,5,38,7.60,0,0,0,0,,,8,13.1,13.1,10.6,,79,
305,306,John FitzPatrick,GNB,TE,25,6,0,0,0,0,0,0,0,0,,0,4,4,20,5.00,1,0,0,1,,,8,12.0,12.0,10.0,,61,
306,307,Noah Gray,KAN,TE,26,7,3,0,0,0,0,0,0,0,,0,16,9,75,8.33,0,0,0,0,,,8,16.5,16.5,12.0,,65,
307,308,Connor Heyward,PIT,TE,26,6,1,0,0,0,0,0,1,2,2.00,0,3,2,18,9.00,1,0,0,1,,,8,10.0,10.0,9.0,,62,
308,309,Taysom Hill,NOR,TE,35,3,0,1,1,19,0,0,9,-4,-0.44,1,2,2,12,6.00,0,0,0,1,,,8,9.6,9.6,8.6,,64,
309,310,Ty Johnson,BUF,RB,28,6,0,0,0,0,0,0,11,58,5.27,0,7,2,19,9.50,0,0,0,0,,,8,9.7,9.7,8.7,,80,
310,311,Colston Loveland,CHI,TE,21,5,3,0,0,0,0,0,0,0,,0,13,8,78,9.75,0,0,0,0,,,8,15.8,15.8,11.8,,63,
311,312,Drew Sample,CIN,TE,29,7,6,0,0,0,0,0,0,0,,0,9,5,24,4.80,1,0,0,1,,,8,13.4,13.4,10.9,,60,
312,313,Devin Singletary,NYG,RB,28,7,1,0,0,0,0,0,26,84,3.23,0,3,2,0,0.00,0,0,0,0,,,8,10.4,10.4,9.4,,78,
313,314,Ben Skowronek,PIT,WR,28,6,1,0,0,0,0,0,0,0,,0,2,1,22,22.00,1,0,0,1,,,8,9.2,9.2,8.7,,128,
314,315,Jamari Thrash,CLE,WR,25,7,1,0,0,0,0,0,0,0,,0,11,8,76,9.50,0,0,0,0,,,8,15.6,15.6,11.6,,130,
315,316,Mitchell Tinsley,CIN,WR,26,7,0,0,0,0,0,0,0,0,,0,4,2,22,11.00,1,0,0,1,,,8,10.2,10.2,9.2,,129,
316,317,Cam Akers,MIN,RB,26,3,0,1,1,32,1,0,5,19,3.80,0,1,0,0,,0,0,0,0,,,7,7.2,7.2,7.2,,81,
317,318,Jack Bech,LVR,WR,23,7,1,0,0,0,0,0,0,0,,0,10,7,73,10.43,0,0,0,0,,,7,14.3,14.3,10.8,,131,
318,319,Andrew Beck,NYJ,FB,29,7,0,0,0,0,0,0,0,0,,0,3,2,7,3.50,1,0,0,1,,,7,8.7,8.7,7.7,,82,
319,320,Trevor Etienne,CAR,RB,21,7,0,0,0,0,0,0,15,76,5.07,0,2,2,9,4.50,0,1,1,0,,,7,8.5,9.5,7.5,,84,
320,321,DJ Giddens,IND,RB,22,7,0,0,0,0,0,0,18,66,3.67,0,2,0,0,,0,0,0,0,,,7,6.6,6.6,6.6,,83,
321,322,Tanner Hudson,CIN,TE,31,5,0,0,0,0,0,0,0,0,,0,5,4,10,2.50,1,0,0,1,,,7,11.0,11.0,9.0,,66,
322,323,Tyler Huntley,BAL,QB,27,1,0,10,15,68,0,0,3,39,13.00,0,0,0,0,,0,0,0,0,,,7,6.6,6.6,6.6,,42,
323,324,Konata Mumpfield,LAR,WR,23,7,0,0,0,0,0,0,0,0,,0,3,2,12,6.00,1,0,0,1,,,7,9.2,9.2,8.2,,132,
324,325,Adam Thielen,MIN,WR,35,7,4,0,0,0,0,0,0,0,,0,12,5,47,9.40,0,0,0,0,1,,7,11.7,11.7,9.2,,134,
325,326,Casey Washington,ATL,WR,24,4,2,0,0,0,0,0,0,0,,0,13,5,69,13.80,0,0,0,0,,,7,11.9,11.9,9.4,,133,
326,327,LeQuint Allen,JAX,RB,21,7,0,0,0,0,0,0,4,22,5.50,0,6,5,34,6.80,0,0,0,0,,,6,10.6,10.6,8.1,,87,
327,328,AJ Dillon,PHI,RB,27,6,0,0,0,0,0,0,12,60,5.00,0,2,2,18,9.00,0,1,1,0,,,6,7.8,8.8,6.8,,86,
328,329,Mike Gesicki,CIN,TE,30,6,1,0,0,0,0,0,0,0,,0,16,8,61,7.63,0,0,0,0,,,6,14.1,14.1,10.1,,67,
329,330,Lil'Jordan Humphrey,NYG,WR,27,2,2,0,0,0,0,0,0,0,,0,10,4,55,13.75,0,0,0,0,,,6,9.5,9.5,7.5,,136,
330,331,David Martin-Robinson,TEN,TE,26,7,2,0,0,0,0,0,0,0,,0,1,1,1,1.00,1,0,0,1,,,6,7.1,7.1,6.6,,68,
331,332,Ray-Ray McCloud,ATL,WR,29,4,1,0,0,0,0,0,0,0,,0,14,6,64,10.67,0,0,0,0,,,6,12.4,12.4,9.4,,135,
332,333,Raheim Sanders,CLE,RB,23,1,0,0,0,0,0,0,3,3,1.00,1,0,0,0,,0,0,0,1,,,6,6.3,6.3,6.3,,85,
333,334,Mo Alie-Cox,IND,TE,32,7,2,0,0,0,0,0,0,0,,0,6,4,50,12.50,0,0,0,0,,,5,9.0,9.0,7.0,,69,
334,335,Pat Bryant,DEN,WR,23,7,2,0,0,0,0,0,0,0,,0,10,5,46,9.20,0,0,0,0,,,5,9.6,9.6,7.1,,142,
335,336,Chris Godwin,TAM,WR,29,2,2,0,0,0,0,0,0,0,,0,14,6,52,8.67,0,0,0,0,,,5,11.2,11.2,8.2,,137,
336,337,Malik Heath,GNB,WR,25,6,0,0,0,0,0,0,0,0,,0,2,2,46,23.00,0,0,0,0,,,5,6.6,6.6,5.6,,143,
337,338,Luke Musgrave,GNB,TE,25,6,4,0,0,0,0,0,0,0,,0,6,5,49,9.80,0,0,0,0,,,5,9.9,9.9,7.4,,70,
338,339,Tyrell Shavers,BUF,WR,26,6,1,0,0,0,0,0,0,0,,0,10,5,51,10.20,0,0,0,0,,,5,10.1,10.1,7.6,,138,
339,340,Xavier Smith,LAR,WR,28,7,0,0,0,0,0,0,0,0,,0,4,3,51,17.00,0,0,0,0,,,5,8.1,8.1,6.6,,139,
340,341,Savion Williams,GNB,WR,24,6,0,0,0,0,0,0,6,27,4.50,0,4,4,23,5.75,0,0,0,0,,,5,9.0,9.0,7.0,,140,
341,342,Dareke Young,SEA,WR,26,6,0,0,0,0,0,0,0,0,,0,2,2,48,24.00,0,0,0,0,,,5,6.8,6.8,5.8,,141,
342,343,Robbie Chosen,WAS,WR,32,1,0,0,0,0,0,0,0,0,,0,4,4,36,9.00,0,0,0,0,,,4,7.6,7.6,5.6,,147,
343,344,Jaydon Blue,DAL,RB,21,3,0,0,0,0,0,0,14,36,2.57,0,1,1,5,5.00,0,0,0,0,,,4,5.1,5.1,4.6,,90,
344,345,Noah Brown,WAS,WR,29,2,2,0,0,0,0,0,0,0,,0,7,3,36,12.00,0,0,0,0,,,4,6.6,6.6,5.1,,148,
345,346,Grant Calcaterra,PHI,TE,27,5,2,0,0,0,0,0,0,0,,0,6,4,40,10.00,0,0,0,0,,,4,8.0,8.0,6.0,,72,
346,347,Will Dissly,LAC,TE,29,4,1,0,0,0,0,0,0,0,,0,5,4,43,10.75,0,0,0,0,,,4,8.3,8.3,6.3,,71,
347,348,D'Wayne Eskridge,MIA,WR,28,7,0,0,0,0,0,0,0,0,,0,6,4,62,15.50,0,1,1,0,,,4,8.2,9.2,6.2,,144,
348,349,Hassan Haskins,LAC,RB,26,7,0,0,0,0,0,0,12,30,2.50,0,4,4,13,3.25,0,0,0,0,,,4,8.3,8.3,6.3,,89,
349,350,Alec Ingold,MIA,FB,29,7,5,0,0,0,0,0,1,3,3.00,0,6,4,36,9.00,0,0,0,0,,,4,7.9,7.9,5.9,,91,
350,351,Kaleb Johnson,PIT,RB,22,4,0,0,0,0,0,0,14,36,2.57,0,1,0,0,,0,1,0,0,,,4,3.6,3.6,3.6,,93,
351,352,Johnny Mundt,JAX,TE,31,7,5,0,0,0,0,0,0,0,,0,10,4,37,9.25,0,0,0,0,,,4,7.7,7.7,5.7,,74,
352,353,Albert Okwuegbunam,LVR,TE,27,1,0,0,0,0,0,0,0,0,,0,6,5,36,7.20,0,0,0,0,,,4,8.6,8.6,6.1,,75,
353,354,Colby Parkinson,LAR,TE,26,5,2,0,0,0,0,0,0,0,,0,8,7,58,8.29,0,1,1,0,,,4,10.8,11.8,7.3,,73,
354,355,Will Shipley,PHI,RB,23,5,0,0,0,0,0,0,4,26,6.50,0,4,2,11,5.50,0,0,0,0,,,4,5.7,5.7,4.7,,92,
355,356,Marquez Valdes-Scantling,SFO,WR,31,5,0,0,0,0,0,0,0,0,,0,8,4,40,10.00,0,0,0,0,,,4,8.0,8.0,6.0,,146,
356,357,Nick Westbrook-Ikhine,MIA,WR,28,7,1,0,0,0,0,0,0,0,,0,11,7,42,6.00,0,0,0,0,,,4,11.2,11.2,7.7,,145,
357,358,Zamir White,LVR,RB,26,4,0,0,0,0,0,0,10,25,2.50,0,5,3,19,6.33,0,0,0,0,,,4,7.4,7.4,5.9,,88,
358,359,Roman Wilson,PIT,WR,24,6,1,0,0,0,0,0,0,0,,0,5,4,36,9.00,0,0,0,0,,,4,7.6,7.6,5.6,,149,
359,360,Chris Brooks,GNB,RB,25,6,0,0,0,0,0,0,2,2,1.00,0,7,5,30,6.00,0,0,0,0,,,3,8.2,8.2,5.7,,94,
360,361,Nathan Carter,ATL,RB,23,2,0,0,0,0,0,0,7,46,6.57,0,0,0,0,,0,1,1,0,,,3,2.6,3.6,2.6,,97,
361,362,Julius Chestnut,TEN,RB,25,7,0,0,0,0,0,0,6,31,5.17,0,2,0,0,,0,0,0,0,,,3,3.1,3.1,3.1,,95,
362,363,Malachi Corley,CLE,WR,23,3,0,0,0,0,0,0,1,11,11.00,0,2,2,17,8.50,0,0,0,0,,,3,4.8,4.8,3.8,,152,
363,364,Charlie Kolar,BAL,TE,26,6,3,0,0,0,0,0,0,0,,0,5,3,32,10.67,0,0,0,0,,,3,6.2,6.2,4.7,,76,
364,365,Trey Lance,LAC,QB,25,1,0,3,4,44,0,0,1,11,11.00,0,0,0,0,,0,0,0,0,,,3,2.9,2.9,2.9,,43,
365,366,James Mitchell,CAR,TE,26,3,0,0,0,0,0,0,0,0,,0,3,3,28,9.33,0,0,0,0,,,3,5.8,5.8,4.3,,77,
366,367,Skyy Moore,SFO,WR,25,7,0,0,0,0,0,0,1,1,1.00,0,3,2,25,12.50,0,1,0,0,,,3,4.6,4.6,3.6,,153,
367,368,Jaret Patterson,LAC,RB,26,1,0,0,0,0,0,0,11,30,2.73,0,0,0,0,,0,0,0,0,,,3,3.0,3.0,3.0,,96,
368,369,Dameon Pierce,HOU,RB,25,2,0,0,0,0,0,0,10,26,2.60,0,1,0,0,,0,0,0,0,,,3,2.6,2.6,2.6,,98,
369,370,Nikko Remigio,KAN,WR,26,7,0,0,0,0,0,0,1,11,11.00,0,1,1,21,21.00,0,1,0,0,,,3,4.2,4.2,3.7,,150,
370,371,Justin Watson,HOU,WR,29,2,0,0,0,0,0,0,0,0,,0,4,3,30,10.00,0,0,0,0,,,3,6.0,6.0,4.5,,151,
371,372,Tyson Bagent,CHI,QB,25,1,0,2,3,27,0,0,2,7,3.50,0,0,0,0,,0,1,0,0,,,2,1.8,1.8,1.8,,45,
372,373,Brenden Bates,HOU,TE,26,3,0,0,0,0,0,0,0,0,,0,2,2,23,11.50,0,0,0,0,,,2,4.3,4.3,3.3,,80,
373,374,Tank Bigsby,2TM,RB,24,7,0,0,0,0,0,0,6,23,3.83,0,1,1,-1,-1.00,0,0,0,0,,,2,3.2,3.2,2.7,,100,
374,375,Jake Bobo,SEA,WR,27,6,0,0,0,0,0,0,0,0,,0,2,2,20,10.00,0,0,0,0,,,2,4.0,4.0,3.0,,157,
375,376,British Brooks,HOU,RB,26,4,0,0,0,0,0,0,2,15,7.50,0,0,0,0,,0,0,0,0,,,2,1.5,1.5,1.5,,107,
376,377,Tahj Brooks,CIN,RB,23,7,0,0,0,0,0,0,5,17,3.40,0,0,0,0,,0,0,0,0,,,2,1.7,1.7,1.7,,105,
377,378,Max Brosmer,MIN,QB,24,3,0,5,8,42,0,0,1,-1,-1.00,0,0,0,0,,0,0,0,0,,,2,1.6,1.6,1.6,,48,
378,379,Quinn Ewers,MIA,QB,22,1,0,5,8,53,0,0,1,0,0.00,0,0,0,0,,0,2,0,0,,,2,2.1,2.1,2.1,,44,
379,380,George Holani,SEA,RB,26,7,0,0,0,0,0,0,10,27,2.70,0,2,2,15,7.50,0,1,1,0,,,2,4.2,5.2,3.2,,101,
380,381,Jalin Hyatt,NYG,WR,24,5,0,0,0,0,0,0,0,0,,0,9,3,17,5.67,0,0,0,0,,,2,4.7,4.7,3.2,,160,
381,382,Terrell Jennings,NWE,RB,24,2,0,0,0,0,0,0,5,18,3.60,0,0,0,0,,0,0,0,0,,,2,1.8,1.8,1.8,,104,
382,383,Roschon Johnson,CHI,RB,24,5,0,0,0,0,0,0,2,17,8.50,0,0,0,0,,0,0,0,0,,,2,1.7,1.7,1.7,,106,
383,384,Lucas Krull,DEN,TE,27,3,3,0,0,0,0,0,0,0,,0,4,2,15,7.50,0,0,0,0,,,2,3.5,3.5,2.5,,84,
384,385,Gage Larvadain,CLE,WR,23,3,0,0,0,0,0,0,0,0,,0,5,2,22,11.00,0,0,0,0,,,2,4.2,4.2,3.2,,155,
385,386,Dylan Laube,LVR,RB,26,7,0,0,0,0,0,0,5,5,1.00,0,4,3,18,6.00,0,0,0,0,,,2,5.3,5.3,3.8,,99,
386,387,Isaiah Likely,BAL,TE,25,3,2,0,0,0,0,0,0,0,,0,3,3,18,6.00,0,1,0,0,,,2,4.8,4.8,3.3,,82,
387,388,Tay Martin,WAS,WR,28,3,0,0,0,0,0,0,0,0,,0,2,2,23,11.50,0,0,0,0,,,2,4.3,4.3,3.3,,154,
388,389,John Metchie,PHI,WR,25,6,0,0,0,0,0,0,0,0,,0,4,4,18,4.50,0,0,0,0,,,2,5.8,5.8,3.8,,158,
389,390,David Moore,CAR,WR,30,4,2,0,0,0,0,0,1,12,12.00,0,1,1,5,5.00,0,0,0,0,,,2,2.7,2.7,2.2,,161,
390,391,Adam Prentice,DEN,FB,28,7,1,0,0,0,0,0,3,15,5.00,0,2,1,4,4.00,0,0,0,0,,,2,2.9,2.9,2.4,,103,
391,392,Tip Reiman,ARI,TE,24,4,3,0,0,0,0,0,0,0,,0,5,3,18,6.00,0,0,0,0,,,2,4.8,4.8,3.3,,83,
392,393,Cooper Rush,BAL,QB,32,4,2,34,52,303,0,4,4,-4,-1.00,0,0,0,0,,0,1,1,0,,,2,1.7,9.7,5.7,,46,
393,394,Luke Schoonmaker,DAL,TE,27,7,2,0,0,0,0,0,0,0,,0,10,5,24,4.80,0,0,0,0,,,2,7.4,7.4,4.9,,78,
394,395,Trent Sherfield,DEN,WR,29,7,1,0,0,0,0,0,0,0,,0,4,3,21,7.00,0,0,0,0,,,2,5.1,5.1,3.6,,156,
395,396,Cade Stover,HOU,TE,25,1,1,0,0,0,0,0,0,0,,0,4,4,22,5.50,0,0,0,0,,,2,6.2,6.2,4.2,,81,
396,397,Ian Thomas,LVR,TE,29,7,3,0,0,0,0,0,0,0,,0,4,4,24,6.00,0,0,0,0,,,2,6.4,6.4,4.4,,79,
397,398,Kyle Williams,NWE,WR,23,7,0,0,0,0,0,0,1,-2,-2.00,0,5,2,20,10.00,0,0,0,0,,,2,3.8,3.8,2.8,,159,
398,399,Zach Wilson,MIA,QB,26,1,0,5,8,32,0,0,1,3,3.00,0,0,0,0,,0,0,0,0,,,2,1.6,1.6,1.6,,47,
399,400,Jacardia Wright,SEA,RB,25,1,0,0,0,0,0,0,5,20,4.00,0,0,0,0,,0,0,0,0,,,2,2.0,2.0,2.0,,102,
400,401,Rasheen Ali,BAL,RB,24,6,0,0,0,0,0,0,1,5,5.00,0,0,0,0,,0,0,0,0,,,1,0.5,0.5,0.5,,113,
401,402,Alex Bachman,LVR,WR,29,5,0,0,0,0,0,0,0,0,,0,2,1,9,9.00,0,0,0,0,,,1,1.9,1.9,1.4,,163,
402,403,John Bates,WAS,TE,28,5,4,0,0,0,0,0,0,0,,0,3,2,14,7.00,0,0,0,0,,,1,3.4,3.4,2.4,,85,
403,404,Harrison Bryant,HOU,TE,27,5,2,0,0,0,0,0,0,0,,0,3,1,5,5.00,0,0,0,0,,,1,1.5,1.5,1.0,,92,
404,405,Beaux Collins,NYG,WR,23,7,0,0,0,0,0,0,0,0,,0,4,1,7,7.00,0,0,0,0,,,1,1.7,1.7,1.2,,168,
405,406,Kirk Cousins,ATL,QB,37,1,0,5,7,29,0,0,0,0,,0,0,0,0,,0,0,0,0,,,1,1.2,1.2,1.2,,51,
406,407,Tai Felton,MIN,WR,22,7,0,0,0,0,0,0,0,0,,0,1,1,9,9.00,0,0,0,0,,,1,1.9,1.9,1.4,,164,
407,408,Tyler Goodson,IND,RB,25,2,0,0,0,0,0,0,2,6,3.00,0,1,1,0,0.00,0,0,0,0,,,1,1.6,1.6,1.1,,111,
408,409,Cam Grandy,CIN,TE,25,3,1,0,0,0,0,0,0,0,,0,1,1,6,6.00,0,1,0,0,,,1,1.6,1.6,1.1,,90,
409,410,Kylen Granson,PHI,TE,27,7,2,0,0,0,0,0,0,0,,0,2,2,6,3.00,0,0,0,0,,,1,2.6,2.6,1.6,,91,
410,411,C.J. Ham,MIN,FB,32,2,0,0,0,0,0,0,0,0,,0,1,1,5,5.00,0,0,0,0,,,1,1.5,1.5,1.0,,114,
411,412,Drew Lock,SEA,QB,29,1,0,2,3,15,0,0,1,-1,-1.00,0,0,0,0,,0,0,0,0,,,1,0.5,0.5,0.5,,53,
412,413,Chris Manhertz,NYG,TE,33,7,2,0,0,0,0,0,0,0,,0,1,1,7,7.00,0,0,0,0,,,1,1.7,1.7,1.2,,88,
413,414,Davis Mills,HOU,QB,27,1,0,2,4,23,0,0,3,3,1.00,0,0,0,0,,0,0,0,0,,,1,1.2,1.2,1.2,,49,
414,415,Scott Miller,PIT,WR,28,6,0,0,0,0,0,0,0,0,,0,2,1,9,9.00,0,0,0,0,,,1,1.9,1.9,1.4,,165,
415,416,Keaton Mitchell,BAL,RB,23,2,0,0,0,0,0,0,3,8,2.67,0,1,1,5,5.00,0,0,0,0,,,1,2.3,2.3,1.8,,108,
416,417,Foster Moreau,NOR,TE,28,3,1,0,0,0,0,0,0,0,,0,1,1,9,9.00,0,0,0,0,,,1,1.9,1.9,1.4,,87,
417,418,Devin Neal,NOR,RB,22,3,0,0,0,0,0,0,3,10,3.33,0,0,0,0,,0,0,0,0,,,1,1.0,1.0,1.0,,110,
418,419,Dare Ogunbowale,HOU,RB,31,6,0,0,0,0,0,0,2,9,4.50,0,3,2,17,8.50,0,1,1,0,,,1,2.6,3.6,1.6,,112,
419,420,Bryce Oliver,TEN,WR,25,2,0,0,0,0,0,0,0,0,,0,1,1,8,8.00,0,0,0,0,,,1,1.8,1.8,1.3,,167,
420,421,Anthony Richardson,IND,QB,23,2,0,1,2,9,0,0,4,-1,-0.25,0,1,1,9,9.00,0,0,0,0,,,1,2.2,2.2,1.7,,50,
421,422,Eric Saubert,SEA,TE,31,7,1,0,0,0,0,0,0,0,,0,1,1,12,12.00,0,0,0,0,,,1,2.2,2.2,1.7,,86,
422,423,Jacob Saylors,DET,RB,24,7,0,0,0,0,0,0,2,11,5.50,0,0,0,0,,0,0,0,0,,,1,1.1,1.1,1.1,,109,
423,424,David Sills V,ATL,WR,29,6,0,0,0,0,0,0,0,0,,0,2,1,9,9.00,0,0,0,0,,,1,1.9,1.9,1.4,,166,
424,425,Ben Sinnott,WAS,TE,23,7,2,0,0,0,0,0,0,0,,0,1,1,7,7.00,0,0,0,0,,,1,1.7,1.7,1.2,,89,
425,426,Arian Smith,NYJ,WR,24,7,3,0,0,0,0,0,1,-10,-10.00,0,9,5,24,4.80,0,0,0,0,,,1,6.4,6.4,3.9,,162,
426,427,Brevyn Spann-Ford,DAL,TE,26,7,1,0,0,0,0,0,0,0,,0,3,2,5,2.50,0,0,0,0,,,1,2.5,2.5,1.5,,93,
427,428,Mitchell Trubisky,BUF,QB,31,1,0,1,2,32,0,0,3,-3,-1.00,0,0,0,0,,0,0,0,0,,,1,1.0,1.0,1.0,,52,
428,429,Ben Yurosek,MIN,TE,23,5,0,0,0,0,0,0,0,0,,0,2,1,5,5.00,0,0,0,0,,,1,1.5,1.5,1.0,,94,
429,430,Jamal Agnew,ATL,WR,30,4,0,0,0,0,0,0,0,0,,0,0,0,0,,0,1,0,0,,,,,,,,172,
430,431,Kyle Allen,DET,QB,29,2,0,0,0,0,0,0,2,-2,-1.00,0,0,0,0,,0,0,0,0,,,,-0.2,-0.2,-0.2,,59,
431,432,Kevin Austin,NOR,WR,25,1,0,0,0,0,0,0,0,0,,0,1,0,0,,0,0,0,0,,,,,,,,173,
432,433,Ulysses Bentley,IND,RB,25,1,0,0,0,0,0,0,1,0,0.00,0,0,0,0,,0,0,0,0,,,,,,,,116,
433,434,Braxton Berrios,HOU,WR,30,1,0,0,0,0,0,0,0,0,,0,3,1,-1,-1.00,0,0,0,0,,,,0.9,0.9,0.4,,209,
434,435,Teddy Bridgewater,TAM,QB,33,1,0,0,0,0,0,0,1,-1,-1.00,0,0,0,0,,0,0,0,0,,,,-0.1,-0.1,-0.1,,58,
435,436,Jalen Brooks,DAL,WR,25,1,0,0,0,0,0,0,0,0,,0,0,0,0,,0,0,0,0,,,,,,,,174,
436,437,Ja'Corey Brooks,WAS,WR,24,1,0,0,0,0,0,0,0,0,,0,0,0,0,,0,0,0,0,,,,,,,,175,
437,438,Jason Brownlee,KAN,WR,26,5,0,0,0,0,0,0,0,0,,0,1,0,0,,0,0,0,0,,,,,,,,176,
438,439,Dalevon Campbell,CAR,WR,24,2,0,0,0,0,0,0,0,0,,0,0,0,0,,0,0,0,0,,,,,,,,177,
439,440,Parris Campbell,DAL,WR,28,1,0,0,0,0,0,0,0,0,,0,0,0,0,,0,0,0,0,,,,,,,,178,
440,441,Stephen Carlson,CHI,TE,29,1,0,0,0,0,0,0,0,0,,0,0,0,0,,0,0,0,0,,,,,,,,99,
441,442,DeAndre Carter,CLE,WR,32,4,0,0,0,0,0,0,0,0,,0,0,0,0,,0,1,0,0,,,,,,,,179,
442,443,Ty Chandler,MIN,RB,27,1,0,0,0,0,0,0,0,0,,0,0,0,0,,0,0,0,0,,,,,,,,117,
443,444,Efton Chism,NWE,WR,24,2,0,0,0,0,0,0,0,0,,0,0,0,0,,0,0,0,0,,,,,,,,180,
444,445,Jalen Coker,CAR,WR,24,1,0,0,0,0,0,0,0,0,,0,2,0,0,,0,0,0,0,,,,,,,,181,
445,446,Darius Cooper,PHI,WR,24,3,0,0,0,0,0,0,0,0,,0,0,0,0,,0,0,0,0,,,,,,,,182,
446,447,Devin Culp,TAM,TE,25,4,0,0,0,0,0,0,0,0,,0,0,0,0,,0,0,0,0,,,,,,,,100,
447,448,DeeJay Dallas,CAR,RB,27,2,0,0,0,0,0,0,1,0,0.00,0,0,0,0,,0,0,0,0,,,,,,,,118,
448,449,Kaden Davis,CLE,WR,27,1,0,0,0,0,0,0,0,0,,0,0,0,0,,0,0,0,0,,,,,,,,183,
449,450,Malik Davis,DAL,RB,27,1,0,0,0,0,0,0,0,0,,0,0,0,0,,0,0,0,0,,,,,,,,119,
450,451,Josiah Deguara,ARI,TE,28,2,0,0,0,0,0,0,0,0,,0,0,0,0,,0,0,0,0,,,,,,,,101,
451,452,Joshua Dobbs,NWE,QB,30,2,0,1,2,12,0,0,5,-4,-0.80,0,0,0,0,,0,0,0,0,,,,0.1,0.1,0.1,,55,
452,453,Payne Durham,TAM,TE,25,7,3,0,0,0,0,0,0,0,,0,1,0,0,,0,0,0,0,,,,,,,,102,
453,454,Devin Duvernay,CHI,WR,28,6,0,0,0,0,0,0,0,0,,0,0,0,0,,0,0,0,0,,,,,,,,184,
454,455,Ross Dwelley,DET,TE,30,5,0,0,0,0,0,0,0,0,,0,0,0,0,,0,0,0,0,,,,,,,,103,
455,456,Simi Fehoko,ARI,WR,28,6,0,0,0,0,0,0,0,0,,0,0,0,0,,0,0,0,0,,,,,,,,185,
456,457,Thomas Fidone,NYG,TE,23,3,0,0,0,0,0,0,0,0,,0,0,0,0,,0,0,0,0,,,,,,,,104,
457,458,Tucker Fisk,LAC,TE,26,6,4,0,0,0,0,0,0,0,,0,2,0,0,,0,0,0,0,,,,,,,,105,
458,459,Feleipe Franks,ATL,TE,28,6,0,0,0,0,0,0,1,2,2.00,0,0,0,0,,0,0,0,0,,,,0.2,0.2,0.2,,98,
459,460,Russell Gage,SFO,WR,29,1,0,0,0,0,0,0,0,0,,0,0,0,0,,0,0,0,0,,,,,,,,186,
460,461,Jimmy Garoppolo,LAR,QB,34,1,0,0,0,0,0,0,3,-3,-1.00,0,0,0,0,,0,0,0,0,,,,-0.3,-0.3,-0.3,,60,
461,462,Reggie Gilliam,BUF,FB,28,6,2,0,0,0,0,0,0,0,,0,0,0,0,,0,0,0,0,,,,,,,,120,
462,463,Anthony Gould,IND,WR,24,7,1,0,0,0,0,0,0,0,,0,1,1,3,3.00,0,0,0,0,,,,1.3,1.3,0.8,,169,
463,464,Isaac Guerendo,SFO,RB,25,7,0,0,0,0,0,0,0,0,,0,0,0,0,,0,0,0,0,,,,,,,,121,
464,465,Khalil Herbert,NYJ,RB,27,1,0,0,0,0,0,0,0,0,,0,0,0,0,,0,0,0,0,,,,,,,,122,
465,466,Nyheim Hines,LAC,RB,29,3,0,0,0,0,0,0,2,-2,-1.00,0,0,0,0,,0,0,0,0,,,,-0.2,-0.2,-0.2,,143,
466,467,KhaDarel Hodge,ATL,WR,30,5,0,0,0,0,0,0,0,0,,0,1,0,0,,0,0,0,0,,,,,,,,187,
467,468,Travis Homer,CHI,RB,27,1,0,0,0,0,0,0,0,0,,0,0,0,0,,0,0,0,0,,,,,,,,123,
468,469,Jarquez Hunter,LAR,RB,23,5,0,0,0,0,0,0,0,0,,0,0,0,0,,0,0,0,0,,,,,,,,124,
469,470,Shedrick Jackson,LVR,WR,26,1,0,0,0,0,0,0,0,0,,0,0,0,0,,0,0,0,0,,,,,,,,188,
470,471,E.J. Jenkins,PHI,TE,27,1,0,0,0,0,0,0,0,0,,0,0,0,0,,0,0,0,0,,,,,,,,106,
471,472,D'Ernest Johnson,ARI,RB,29,1,0,0,0,0,0,0,1,0,0.00,0,0,0,0,,0,0,0,0,,,,,,,,125,
472,473,Jakob Johnson,HOU,FB,31,3,1,0,0,0,0,0,0,0,,0,0,0,0,,0,0,0,0,,,,,,,,126,
473,474,Charlie Jones,CIN,WR,27,7,0,0,0,0,0,0,0,0,,0,0,0,0,,0,0,0,0,,,,,,,,189,
474,475,Tim Jones,MIN,WR,27,2,0,0,0,0,0,0,0,0,,0,0,0,0,,0,0,0,0,,,,,,,,190,
475,476,Velus Jones Jr.,NOR,RB,28,5,0,0,0,0,0,0,0,0,,0,0,0,0,,0,0,0,0,,,,,,,,127,
476,477,Ko Kieft,TAM,TE,27,3,0,0,0,0,0,0,0,0,,0,0,0,0,,0,0,0,0,,,,,,,,107,
477,478,Mason Kinsey,TEN,WR,27,1,0,0,0,0,0,0,0,0,,0,0,0,0,,0,0,0,0,,,,,,,,191,
478,479,KeAndre Lambert-Smith,LAC,WR,24,5,1,0,0,0,0,0,0,0,,0,3,1,1,1.00,0,0,0,0,,,,1.1,1.1,0.6,,171,
479,480,Cameron Latu,PHI,TE,25,6,0,0,0,0,0,0,0,0,,0,0,0,0,,0,0,0,0,,,,,,,,108,
480,481,Dominic Lovett,DET,WR,23,7,0,0,0,0,0,0,0,0,,0,0,0,0,,0,0,0,0,,,,,,,,192,
481,482,Will Mallory,IND,TE,26,1,0,0,0,0,0,0,0,0,,0,0,0,0,,0,0,0,0,,,,,,,,109,
482,483,Moliki Matavao,NOR,TE,22,3,0,0,0,0,0,0,0,0,,0,0,0,0,,0,0,0,0,,,,,,,,110,
483,484,Jaleel McLaughlin,DEN,RB,25,1,0,0,0,0,0,0,1,0,0.00,0,1,0,0,,0,0,0,0,,,,,,,,128,
484,485,Jackson Meeks,DET,WR,22,1,0,0,0,0,0,0,0,0,,0,0,0,0,,0,0,0,0,,,,,,,,193,
485,486,Bo Melton,GNB,WR,26,5,0,0,0,0,0,0,1,3,3.00,0,0,0,0,,0,0,0,0,,,,0.3,0.3,0.3,,170,
486,487,Joe Milton,DAL,QB,25,1,0,3,5,41,0,1,0,0,,0,0,0,0,,0,0,0,0,,,,-0.4,0.6,0.6,,61,
487,488,Jordan Mims,TEN,RB,26,1,0,0,0,0,0,0,0,0,,0,0,0,0,,0,0,0,0,,,,,,,,129,
488,489,Zaire Mitchell-Paden,BAL,TE,26,6,1,0,0,0,0,0,0,0,,0,2,1,3,3.00,0,0,0,0,,,,1.3,1.3,0.8,,96,
489,490,Jalen Moreno-Cropper,DAL,WR,24,3,0,0,0,0,0,0,0,0,,0,0,0,0,,0,1,0,0,,,,,,,,194,
490,491,Quintin Morris,JAX,TE,26,5,0,0,0,0,0,0,0,0,,0,0,0,0,,0,0,0,0,,,,,,,,111,
491,492,Kalel Mullings,TEN,RB,23,2,0,0,0,0,0,0,0,0,,0,0,0,0,,0,0,0,0,,,,,,,,130,
492,493,Kene Nwangwu,NYJ,RB,27,3,0,0,0,0,0,0,0,0,,0,0,0,0,,0,0,0,0,,,,,,,,131,
493,494,Andrew Ogletree,IND,TE,27,7,1,0,0,0,0,0,0,0,,0,0,0,0,,0,0,0,0,,,,,,,,112,
494,495,Gunner Olszewski,NYG,WR,29,7,0,0,0,0,0,0,0,0,,0,0,0,0,,0,0,0,0,,,,,,,,195,
495,496,Robbie Ouzts,SEA,FB,23,3,2,0,0,0,0,0,0,0,,0,0,0,0,,0,0,0,0,,,,,,,,132,
496,497,Teagan Quitoriano,ATL,TE,25,6,0,0,0,0,0,0,0,0,,0,0,0,0,,0,0,0,0,,,,,,,,113,
497,498,Craig Reynolds,DET,RB,29,6,0,0,0,0,0,0,3,4,1.33,0,0,0,0,,0,0,0,0,,,,0.4,0.4,0.4,,115,
498,499,Ronnie Rivers,LAR,RB,26,1,0,0,0,0,0,0,0,0,,0,0,0,0,,0,0,0,0,,,,,,,,133,
499,500,Jalen Royals,KAN,WR,22,4,0,0,0,0,0,0,0,0,,0,0,0,0,,0,0,0,0,,,,,,,,196,
500,501,Mason Rudolph,PIT,QB,30,2,0,2,2,12,0,0,3,0,0.00,0,0,0,0,,0,0,0,0,,,,0.5,0.5,0.5,,54,
501,502,Carter Runyon,LVR,TE,24,4,0,0,0,0,0,0,0,0,,0,1,1,3,3.00,0,0,0,0,,,,1.3,1.3,0.8,,97,
502,503,Brady Russell,SEA,TE,27,7,1,0,0,0,0,0,0,0,,0,0,0,0,,0,0,0,0,,,,,,,,114,
503,504,Brett Rypien,CIN,QB,29,1,0,0,0,0,0,0,0,0,,0,0,0,0,,0,0,0,0,,,,,,,,56,
504,505,Cody Schrader,LAR,RB,26,1,0,0,0,0,0,0,0,0,,0,0,0,0,,0,0,0,0,,,,,,,,134,
505,506,Trey Sermon,PIT,RB,26,2,0,0,0,0,0,0,0,0,,0,0,0,0,,0,0,0,0,,,,,,,,135,
506,507,Justin Shorter,LVR,TE,25,7,0,0,0,0,0,0,0,0,,0,0,0,0,,0,0,0,0,,,,,,,,115,
507,508,Tyler Shough,NOR,QB,26,1,0,0,2,0,0,0,0,0,,0,0,0,0,,0,0,0,0,,,,,,,,57,
508,509,Ben Sims,GNB,TE,25,3,0,0,0,0,0,0,0,0,,0,0,0,0,,0,0,0,0,,,,,,,,116,
509,510,Stone Smartt,NYJ,TE,27,6,0,0,0,0,0,0,0,0,,0,0,0,0,,0,0,0,0,,,,,,,,117,
510,511,Brandon Smith,NYJ,WR,27,1,0,0,0,0,0,0,0,0,,0,0,0,0,,0,0,0,0,,,,,,,,197,
511,512,Durham Smythe,CHI,TE,30,6,1,0,0,0,0,0,0,0,,0,0,0,0,,0,0,0,0,,,,,,,,118,
512,513,Deven Thompkins,ATL,WR,26,1,0,0,0,0,0,0,0,0,,0,0,0,0,,0,0,0,0,,,,,,,,198,
513,514,Mason Tipton,NOR,WR,25,6,0,0,0,0,0,0,0,0,,0,1,0,0,,0,0,0,0,,,,,,,,199,
514,515,Robert Tonyan,KAN,TE,31,7,0,0,0,0,0,0,0,0,,0,0,0,0,,0,0,0,0,,,,,,,,119,
515,516,Laquon Treadwell,IND,WR,30,1,0,0,0,0,0,0,0,0,,0,0,0,0,,0,0,0,0,,,,,,,,200,
516,517,Malik Turner,SFO,WR,29,3,0,0,0,0,0,0,0,0,,0,1,0,0,,0,0,0,0,,,,,,,,201,
517,518,Sione Vaki,DET,RB,24,1,0,0,0,0,0,0,0,0,,0,0,0,0,,0,0,0,0,,,,,,,,136,
518,519,Nick Vannett,MIN,TE,32,3,0,0,0,0,0,0,0,0,,0,0,0,0,,0,0,0,0,,,,,,,,120,
519,520,Travis Vokolek,ARI,TE,27,5,1,0,0,0,0,0,0,0,,0,0,0,0,,0,0,0,0,,,,,,,,121,
520,521,Jahdae Walker,CHI,WR,23,3,0,0,0,0,0,0,0,0,,0,0,0,0,,0,0,0,0,,,,,,,,202,
521,522,Carlos Washington,ATL,RB,27,1,0,0,0,0,0,0,0,0,,0,0,0,0,,0,0,0,0,,,,,,,,137,
522,523,Tahj Washington,MIA,WR,24,1,0,0,0,0,0,0,0,0,,0,0,0,0,,0,0,0,0,,,,,,,,203,
523,524,Xavier Weaver,ARI,WR,25,3,0,0,0,0,0,0,0,0,,0,1,0,0,,0,0,0,0,,,,,,,,204,
524,525,Treyton Welch,NOR,TE,24,1,0,0,0,0,0,0,0,0,,0,0,0,0,,0,0,0,0,,,,,,,,122,
525,526,Jack Westover,NWE,FB,26,7,0,0,0,0,0,0,0,0,,0,0,0,0,,0,0,0,0,,,,,,,,138,
526,527,LaJohntay Wester,BAL,WR,23,6,0,0,0,0,0,0,0,0,,0,0,0,0,,0,0,0,0,,,,,,,,205,
527,528,Blake Whiteheart,CLE,TE,25,7,2,0,0,0,0,0,0,0,,0,3,2,4,2.00,0,1,0,0,,,,2.4,2.4,1.4,,95,
528,529,Cody White,SEA,WR,27,1,0,0,0,0,0,0,0,0,,0,0,0,0,,0,0,0,0,,,,,,,,206,
529,530,Avery Williams,NYJ,WR,27,1,0,0,0,0,0,0,0,0,,0,0,0,0,,0,0,0,0,,,,,,,,207,
530,531,Brayden Willis,SFO,TE,26,5,0,0,0,0,0,0,0,0,,0,1,0,0,,0,0,0,0,,,,,,,,123,
531,532,Josh Williams,TAM,RB,25,1,0,0,0,0,0,0,0,0,,0,0,0,0,,0,0,0,0,,,,,,,,139,
532,533,Ke'Shawn Williams,PIT,WR,24,2,0,0,0,0,0,0,0,0,,0,0,0,0,,0,0,0,0,,,,,,,,208,
533,534,Jeff Wilson,MIA,RB,30,2,0,0,0,0,0,0,0,0,,0,0,0,0,,0,0,0,0,,,,,,,,140,
534,535,Jaylen Wright,MIA,RB,22,1,0,0,0,0,0,0,0,0,,0,0,0,0,,0,0,0,0,,,,,,,,141,
535,536,Owen Wright,TAM,RB,26,1,0,0,0,0,0,0,0,0,,0,0,0,0,,0,0,0,0,,,,,,,,142,
536,537,Colson Yankoff,WAS,TE,25,7,0,0,0,0,0,0,0,0,,0,0,0,0,,0,0,0,0,,,,,,,,124,
537,538,Shane Zylstra,DET,TE,29,2,0,0,0,0,0,0,0,0,,0,0,0,0,,0,0,0,0,,,,,,,,125,
538,539,Gardner Minshew II,KAN,QB,29,2,0,0,0,0,0,0,5,-6,-1.20,0,0,0,0,,0,0,0,0,,,-1,-0.6,-0.6,-0.6,,62,
539,540,Charlie Woerner,ATL,TE,28,6,4,0,0,0,0,0,0,0,,0,2,1,-5,-5.00,0,0,0,0,,,-1,0.5,0.5,,,126,
540,541,Derius Davis,LAC,WR,25,5,0,0,0,0,0,0,2,5,2.50,0,0,0,0,,0,1,1,0,,,-2,-1.5,-0.5,-1.5,,210,
541,542,Xavier Gipson,2TM,WR,24,2,0,0,0,0,0,0,0,0,,0,0,0,0,,0,1,1,0,,,-2,-2.0,-1.0,-2.0,,211,
542,543,Jalen Milroe,SEA,QB,23,3,0,0,0,0,0,0,3,4,1.33,0,0,0,0,,0,1,1,0,,,-2,-1.6,-0.6,-1.6,,63,
543,544,Kenny Pickett,LVR,QB,27,1,0,2,2,8,0,0,1,0,0.00,0,0,0,0,,0,1,1,0,,,-2,-1.7,-0.7,-1.7,,64,
544,545,Myles Price,MIN,WR,24,7,0,0,0,0,0,0,0,0,,0,0,0,0,,0,1,1,0,,,-2,-2.0,-1.0,-2.0,,212,
545,546,Isaiah Williams,NYJ,WR,24,5,0,0,0,0,0,0,0,0,,0,0,0,0,,0,1,1,0,,,-2,-2.0,-1.0,-2.0,,213,
